29257
19673
25448
30957
13173
21948
25980
16441
27144
29667
21669
15662
20383
26970
5620
24899
31573
9867
31912
10580
32641
30211
22793
24076
31351
17966
3272
14127
4413
17818
8662
30726
32688
5894
4005
15588
23261
28271
27838
19511
24757
6161
12217
22770
6492
30076
21476
7905
22830
24508
14395
15476
26393
10019
29130
16752
18252
31599
20216
5107
24632
2702
9709
5536
23823
15048
17332
6592
5465
8736
31766
15094
28978
2775
25193
28260
5387
16182
152
2064
32422
32449
20072
5132
10217
27659
23580
17692
18486
479
27723
27778
19897
15964
11829
7479
15244
31569
13321
18652
29416
29146
22763
16176
8786
24374
27294
16810
498
28120
3759
3833
1704
7673
22258
18373
32172
22108
22710
9335
10082
18014
26198
16654
592
26331
20498
27481
19505
10474
21368
10641
7924
17054
13976
18067
5342
3352
9338
26501
31829
28766
25196
21074
9819
19489
12317
30431
22227
26757
10068
2338
10255
5055
30463
30484
19124
28611
28919
3648
4490
4362
21007
23743
13978
28642
31784
22642
12053
6594
19876
24489
21566
16082
30865
4272
12409
29129
19890
6787
11397
501
11807
2725
24107
32190
32093
1593
5348
7831
25852
27637
17142
17298
17871
15292
25365
2755
6648
6302
16004
3073
10654
24452
24073
14133
8353
18196
544
13333
25259
23072
1900
31998
10424
31631
32500
19409
11258
17542
21999
22504
23565
2016
11164
5631
22117
1310
104
20177
197
12403
26853
17655
27676
14263
31684
10457
18384
13915
12005
29595
19721
7124
9108
28959
20245
11302
3560
12397
30008
25666
13919
14394
8677
24205
6837
2425
27911
31096
26593
29927
267
1410
14496
18621
9097
7221
6268
5794
1015
2879
30071
32169
29735
17686
10286
29404
32053
9257
16534
20085
30148
13985
12617
24330
17293
903
10267
7545
9551
4003
20104
23524
27749
6525
24902
29419
15428
18430
10716
26887
917
20688
3700
838
3061
15984
20619
23824
30709
4819
24621
18166
25018
4917
10951
3801
22227
21624
6023
11928
1790
7199
26367
6264
2284
23517
6558
5463
15076
28470
18893
17353
29102
26402
28432
15613
10483
31687
25900
20083
5911
30211
28890
5806
7501
13560
5691
13262
21871
7578
7067
6422
4684
26985
5056
15146
26663
477
3188
20562
27723
14060
17019
13202
23160
31980
3912
16379
8321
10655
7864
32108
19448
10693
31830
901
20968
2008
7587
18729
21515
12278
29257
9324
22961
8112
1133
12475
29945
2074
30199
18946
2102
20812
3072
1555
1591
12092
14481
24211
10528
31710
21118
22707
21939
5613
4013
10800
29958
15603
11571
2835
30671
6708
2476
9233
11347
12088
21498
24956
20843
3913
12199
13166
17816
16237
14009
32099
12283
15903
4908
2587
11004
13168
17104
6320
2306
13483
4864
16639
17650
14847
21933
9014
24499
5299
13592
25789
20938
29922
17271
22793
3016
9418
27017
120
4563
20549
3789
29577
25249
31136
11392
10058
9406
23260
23384
16432
13333
28441
1998
7710
1857
5880
5229
18527
12225
31700
20403
10242
28646
2868
23321
28164
30829
4100
7412
7301
10093
1527
19694
17457
2869
5183
31417
15364
21512
2108
20494
5122
19655
25613
27124
16305
11232
22964
25336
19310
30496
873
10818
2598
2112
32280
6359
28550
5649
24515
11441
14277
14730
22199
9880
31376
20351
28668
22096
29747
5980
24471
29410
4631
28943
20411
15362
22095
2357
5161
18506
10208
13231
23869
31969
21098
24326
8601
27349
25550
7431
29325
23102
26764
28270
17363
5586
22367
25321
25574
21483
16540
3796
23191
4186
22996
14919
13438
1764
10872
31140
20349
24443
24347
3503
9074
21991
22668
3165
22428
5054
26956
21303
26820
29466
21022
20679
24248
14523
17542
2834
31134
5345
30513
21821
18144
28164
26530
5150
465
28530
17393
20767
32509
23707
1373
29529
10271
16129
6042
17434
14682
25951
4021
24149
20683
693
832
10808
24829
22359
20810
3917
23681
14278
21864
30382
15924
4769
22048
3293
13386
8041
17341
31735
17754
25736
16654
12597
23528
13237
25449
10268
26370
26075
14618
1917
23490
14965
8490
29299
6747
4959
29913
10357
30153
13239
1395
30972
7616
27215
4753
11920
10638
28221
16077
8983
26786
10085
1655
15030
16386
32748
15365
4912
28317
25001
24703
29829
2083
24759
17159
19159
13580
21682
6373
4617
20492
26834
917
22197
10396
20767
30807
18863
10937
12504
26362
1348
29564
7473
9126
9848
14284
27888
22388
17416
4819
5896
21893
19064
17104
13788
14771
20921
1320
22601
20649
12856
6878
12662
156
24321
26855
16315
12414
23460
12999
18535
8625
11507
8863
6398
31478
20543
13971
9256
30689
31713
15330
6823
31364
8271
30165
4346
18793
18757
7918
21967
23922
6164
26925
11068
7780
27469
11291
17481
15962
9520
12559
5693
7896
14845
25402
7023
19503
27617
9525
30111
27480
9768
19398
31684
11901
15935
28334
5722
6583
29809
31774
12863
30011
9548
32524
6925
9652
8872
32524
13617
16714
9189
18037
29854
26612
26725
5489
25958
24702
17541
9795
5602
27654
16703
25102
15461
23354
31927
28854
30585
22056
4649
24904
31655
27056
25617
15319
20882
32501
25663
16415
26976
15841
12052
3821
8565
16457
16591
29443
8094
6123
28971
6958
10525
25546
4222
28687
4665
2045
9079
10826
12801
6769
18946
91
2907
24644
17864
10085
6615
8781
4961
27339
21447
19713
21627
10739
21859
30678
19996
24537
18432
5726
10125
17489
18102
528
16404
15760
25862
5730
17582
11309
31511
27895
27617
17052
26741
11995
19555
12319
28080
7103
17153
18769
9191
24703
26839
15220
5018
3990
1687
18654
5521
10183
7344
1340
18619
4997
14825
7898
10635
5426
21135
19026
4539
16085
18749
26843
11448
10466
27550
31893
20723
21039
12943
31651
24555
6592
21048
4365
14486
18610
23114
1653
6057
4803
5438
21500
29124
20614
22516
12282
8805
18954
6240
9047
99
12733
4556
4313
17198
21403
10511
21355
27041
26773
20231
7713
24911
11537
32507
21181
5040
23550
19302
13145
30355
548
22655
20451
423
8636
31228
13612
1268
22030
25186
24522
5642
17715
18341
30425
18767
547
5354
14000
3271
14169
26585
10941
5690
2103
1199
22680
6702
3771
15816
17074
25674
25990
2300
2264
31554
30174
3934
6975
28326
5441
12692
14489
25991
15476
2820
22859
32397
3356
22248
28695
6508
19621
5212
32094
17276
19419
29783
22515
16687
10514
12629
30949
24655
11009
9865
12459
20592
13935
23164
12761
23442
6041
448
10018
25712
11420
31606
10073
3771
25513
16088
7968
6201
4276
25945
29756
16753
1125
22611
20054
12345
16742
24640
12827
18199
30437
26110
15338
22111
16174
16352
24949
4076
3731
8658
2871
28976
16666
16654
12489
2541
25654
25154
31221
6062
29356
9382
23466
11198
7711
17890
12969
19068
17598
27843
13759
21754
7183
25176
11424
23841
22722
18691
14260
14214
31461
28931
10040
7007
7932
20996
14453
13847
20866
20507
17819
29575
18159
7065
13529
14575
2301
27988
32517
21899
15735
31568
25709
764
19386
31046
3238
1038
21780
16633
25519
20486
25774
6089
12219
16025
27412
10734
31160
15852
8912
9936
20552
31169
12479
5767
12327
32021
11063
32447
19790
28009
18651
27316
7393
5910
22098
25827
15521
17127
2455
17353
30974
17388
30285
22580
28564
5102
5053
3618
10380
15314
11838
7360
22552
17655
23507
17188
7500
3623
23429
19391
16389
12601
18114
6627
19632
1301
869
1791
8409
11491
6919
10367
26267
7618
29651
32602
2765
17089
15852
3700
10611
31833
23654
583
23146
12535
25143
11645
3141
15015
26040
17118
9626
27254
4677
8118
11578
2760
7260
11221
20358
11498
4280
31681
31765
1742
28458
20685
7089
22517
27558
1769
22880
25174
16091
28477
16615
11736
2079
20900
6141
10425
14438
1436
4994
4916
29693
9413
24199
10362
11910
13005
30621
5832
20961
12621
23643
2180
26012
927
23042
24734
29591
5489
30068
12578
19640
8191
22951
7438
10015
7058
27465
9731
27135
16026
16093
20382
24826
4791
25973
5693
8216
15750
493
4949
31324
28996
31304
15179
30187
28185
26839
22254
18906
19586
17411
23290
4069
16690
2915
24406
17068
22838
14628
15258
15227
11499
22046
27934
8561
21794
23610
12190
2982
126
2019
3286
21435
25532
4015
24520
29538
24574
30264
29706
5124
20107
17336
5346
24328
11367
18973
22858
10827
19352
15431
8905
22251
5262
9288
11369
19196
16641
30562
3128
27687
16228
25583
12810
1601
27828
19467
11353
9850
21600
15416
10037
15218
23980
30759
27385
16212
29780
25880
19415
14950
19196
12443
25907
19397
6584
20589
20900
10408
23341
14627
19860
26245
31916
19249
18336
6318
26278
22529
30378
23099
11606
2651
238
20769
4629
22282
2706
13675
19413
23182
27508
19534
29423
20292
16376
22338
30635
10266
29629
8802
31591
735
10548
22904
763
21189
9361
25512
28273
4975
2021
10799
13962
15163
24818
1017
1304
3109
28951
22031
9969
21903
25494
23627
603
20295
3869
26295
16129
2302
14680
6922
24764
10186
28643
20533
26734
17210
20906
17381
18114
16331
32409
4755
11387
31684
22027
17005
14812
29241
19032
31166
20330
23711
9602
16704
11111
13291
20421
13752
1053
22514
6088
8477
15868
10175
2647
13425
2890
30738
11333
12188
23480
15369
13453
13853
19814
12643
6359
6736
17889
30090
22027
17129
27959
3085
21304
24409
5202
13078
16575
30495
28215
8310
32174
30965
22803
14929
16426
24665
6382
3829
9790
20904
3691
27027
26747
7353
22814
26087
19644
30620
18958
5258
18793
23197
13888
23256
28873
14893
14520
25368
24360
26793
24510
23640
20426
31542
29349
22988
13458
12818
1514
29690
25166
11796
22934
9259
18194
4565
25657
2068
271
8755
28713
21261
12234
16251
22129
14488
10053
17376
31814
1656
1233
260
29593
3683
19867
12124
29113
25274
28244
31803
10544
11462
8067
29042
15929
25110
13651
3234
32495
22364
6631
10769
5928
32108
25276
29167
15872
15065
19450
15612
6930
28786
8544
20425
16662
26546
31770
20079
5588
19539
9285
22263
7337
31086
23758
32063
28442
27525
3674
24368
27447
6950
3472
1738
4087
24543
27504
17055
7699
16690
2086
11521
29270
13843
15636
11522
10564
29571
27138
1824
510
28592
12406
18541
6425
31242
18498
6696
22542
20034
31879
23768
4947
23538
13757
26834
24311
27515
6132
16803
25063
13056
26412
6466
27577
2657
16967
1318
21762
21473
11786
25537
16453
5082
30199
961
4531
11547
27417
1195
6710
28335
20695
9756
14341
5731
2400
9367
2799
28402
9522
6838
26429
5121
32414
2356
24409
5100
10163
9376
10001
29007
17884
11541
3754
22758
10394
20790
2091
4342
13969
4193
28726
11059
25438
32232
24735
12182
27332
11951
15781
16268
16275
5093
24773
22547
1253
12913
20450
16768
32054
8355
27423
7311
5993
5654
9453
2237
20042
7772
2040
1469
4013
20993
523
23158
15193
763
31376
20457
6553
24226
10824
7057
5798
10713
16792
14178
21334
28022
6332
8539
14280
21116
2546
19283
29746
10691
8182
5376
29478
2686
1638
22731
16925
22496
29009
21970
3984
4357
15413
5434
12560
21543
2146
12963
3449
13966
19224
15805
6664
16796
15327
901
20981
20024
4163
24121
16870
7650
32604
9746
7241
17389
19337
19064
18040
13178
21450
8283
3537
22013
9698
18667
31539
2647
13234
3033
396
21349
15085
19397
13788
21506
11368
8470
22177
7500
4469
25877
2928
1494
16922
3870
14728
27941
23523
16812
20038
10834
17574
9801
24241
26616
834
10122
8735
21750
7380
27319
24112
25043
10558
19230
16448
20937
5912
22815
13569
11449
18124
14010
19419
15293
17662
9743
21991
31816
10242
20890
3989
22791
11869
32573
11842
16480
32638
855
2098
23959
11233
1100
20592
5636
9031
24799
8381
12102
23376
32407
13150
32641
7770
18471
10509
18710
25298
9113
20339
13356
22484
31491
18458
19847
13494
30042
12524
12993
28299
16369
12835
19847
31797
12987
23213
25467
19492
29088
25987
18430
18917
3567
29171
18917
5358
26648
7736
9612
23761
28998
31032
8980
14734
23318
13748
3029
27378
30813
18855
10521
19331
11630
28272
18016
29883
21528
4608
30845
32075
8686
13370
8413
14306
30328
24840
4983
13833
11310
13767
15284
31398
23061
27971
7017
16955
31127
23583
15116
15030
16491
2013
743
21466
27247
24746
2923
30268
8336
29962
4686
2124
30841
28535
5479
27777
15327
32207
20048
4900
29622
29404
313
32278
3551
31107
19729
26274
28769
13677
13775
18479
9964
11764
6976
14279
5293
2118
32260
24117
1801
8157
15211
8772
26687
18469
7603
228
9624
24625
1118
2948
17853
15879
1204
4929
11643
16462
31056
7966
2716
18159
5132
24559
30680
10056
10549
8488
32733
17009
24503
4419
26253
23318
9820
15062
32257
8353
23344
24319
1789
28277
24872
25998
6361
9038
2470
14249
5258
12350
2755
11512
1391
5564
17789
17734
21492
25552
17302
829
13891
9206
13352
25526
1428
4087
32429
16214
20596
8778
18649
27515
30360
9976
3527
11437
21529
28063
8384
29033
31047
25126
1473
2953
7001
17303
7525
4543
21205
22273
13012
16576
18146
16552
9259
10795
8982
18659
223
22068
9655
20941
13165
22022
19854
20984
9168
31344
4093
19750
6553
12383
29991
11849
23391
4454
32022
29895
22231
31036
2468
4413
25812
21782
17618
23926
11562
21225
24493
960
4098
18994
29037
24652
31431
22922
10301
23980
4716
9263
16015
18018
2550
18946
5055
4396
8149
5804
18036
12317
28297
8416
9684
18684
21883
15837
16154
27684
24236
15964
16917
18631
18615
3517
12853
23758
8127
964
29074
742
8103
25952
14047
6776
697
31066
18368
17669
31687
29440
23857
30747
24130
616
8436
17165
18632
25382
8455
2001
1421
14505
4698
11392
19126
6559
13200
21791
2799
11986
8896
11784
26136
30412
1504
22402
27464
25355
8647
24972
26624
2184
29429
3917
10767
27866
5284
19654
32497
14933
24288
28432
14352
25710
9244
24807
9234
29713
14667
10853
32466
24962
28886
15482
9781
11659
17277
30435
32213
31395
12026
26371
18294
22903
23182
27322
3267
10762
20948
23289
23506
25576
14991
24085
22334
17747
30348
1345
19648
6885
2762
1023
6216
16485
20459
31683
24005
27166
31649
14426
15753
8955
11459
28442
19922
13478
10245
7771
8579
20413
10529
26951
21248
32738
27341
3204
28827
3418
12272
28561
28071
8161
7466
21318
22799
2543
21795
11954
18440
17076
2710
15093
26886
12024
30234
26301
21872
25967
3464
32469
28924
3872
17483
17903
28765
17000
26210
800
27107
29086
4025
30453
1596
7499
25217
11485
11688
6442
21315
2068
12263
3463
24141
19256
3347
8076
17321
27366
29033
23095
29869
15713
26483
20788
26956
13866
7295
11301
25811
12490
30264
4894
15026
16080
28054
19755
28062
21983
31540
15469
16516
27035
25126
26764
3471
17711
19118
13135
12569
2010
12416
16724
17514
18045
30173
15987
12437
19666
5253
21185
7630
26586
27972
19601
26661
32501
25047
9309
11404
29115
19509
24206
5444
16759
15655
29387
10093
16708
7977
3309
26195
12463
22470
12092
13472
12244
20998
10774
16083
14328
12877
8716
168
23950
15818
21154
25906
30929
7025
23908
3724
17253
26113
30046
6986
21694
23880
22869
9401
3516
1911
26111
3361
5904
29683
11401
4450
23190
30370
15371
9458
18611
8356
18176
2615
25212
26566
16479
22645
8571
20835
1731
15371
20709
12904
5627
14853
21104
31026
24646
21488
25657
3549
20938
29095
19030
12440
28268
5852
3901
12415
5186
8349
19675
28686
22661
24539
30203
3
2075
19509
29569
24668
31927
10179
19416
31574
8515
32229
28447
5327
25961
6602
22458
11421
10155
6604
24037
15322
1374
4293
10329
3582
26918
27534
27572
13050
711
10283
22681
23271
8042
3936
2342
24368
28520
14243
26313
19220
22613
21472
20545
6933
23981
10805
8285
2303
26912
1231
3513
2868
24257
3406
21491
21520
11776
21063
2225
19060
23337
3162
8312
17936
26648
22664
27686
32759
32500
8598
14758
26957
2262
29647
22823
23738
4211
13313
22756
15885
4712
4134
21162
25236
13433
5381
19901
4302
3688
2962
23823
17332
7880
8147
1776
12355
12080
9305
9203
26625
18403
15708
11656
26921
19112
11769
24522
2467
27516
21451
30230
27813
28313
21527
23734
1695
2129
9457
30159
5267
32516
2446
30944
1077
26088
985
28851
15472
5683
11842
13252
23741
16014
13460
12722
31471
790
26044
29689
3284
25122
30152
16430
21559
7464
21432
8266
11899
21664
5832
30391
13901
19531
257
7977
26687
22113
21203
21948
20623
14401
28904
22546
18684
21139
29235
15792
9857
5960
9391
1306
5965
30448
18456
27941
29430
20236
24108
26053
11875
7960
15059
4583
9747
29310
20330
30779
11237
7761
9112
30733
30127
30221
28340
13655
12692
6306
2623
28982
27970
24867
3140
4716
16390
30273
26928
31621
5889
985
16516
29464
27009
21823
29446
14567
25684
1785
8816
1186
23747
13945
31647
9352
13842
30473
7520
13050
2792
24345
14069
21495
21350
31913
27477
23947
11819
15319
30224
21313
31912
6814
15340
23877
3574
26231
21982
16222
23592
6493
21386
18995
12602
4292
31161
6853
6362
26361
10533
26829
16981
8881
18289
5508
22126
31547
3713
23693
23344
21560
27509
10003
4662
24599
13509
4023
5567
28994
26201
9111
22391
32609
2658
31984
16335
21135
27233
20015
12203
9623
14297
15770
27565
28489
26767
22101
15582
24829
17004
4131
2635
3536
8382
26196
20827
25909
14306
9345
18911
32593
22576
21743
22594
13166
6103
25235
21812
1708
9726
31536
15763
9527
27232
5676
27249
29128
12784
13090
12950
16739
4352
27979
30354
12765
29843
6279
2771
31489
21581
16223
7032
8350
5027
26522
24288
4345
4052
25571
1564
15100
8822
13568
22844
6352
9176
22630
21140
15742
19628
2805
13385
217
18821
31500
1428
4014
16429
4826
29925
14064
5432
14154
14748
23100
23598
1669
20426
1025
13200
21282
32208
16031
27885
26760
5362
17843
16365
9185
15490
17110
7287
9695
6123
30976
14524
29098
1562
25242
15709
29167
24507
11046
27026
7418
15872
7677
8289
32713
13713
30144
15876
11862
25354
20947
11030
22443
26990
4804
10813
18239
20341
15637
31316
17708
9071
29623
18475
16532
26970
27404
11197
23871
893
20956
30825
32702
27323
25019
23132
9984
3987
12143
26342
17912
21167
6758
17025
21458
11163
30325
14539
14184
18125
23747
13918
746
6267
26394
14963
649
13485
4114
24168
11531
156
19445
29215
5698
2093
6962
10672
3485
274
29117
31275
21963
9737
15821
3500
26752
24470
13257
3349
10697
2808
19385
10190
30137
6044
13151
24405
4651
25192
25963
2782
13363
18550
26854
29549
13389
25224
30587
24599
19003
1862
16473
17911
8917
1334
17044
10289
21235
29556
8634
3340
19716
8164
22315
1996
15387
13091
24730
27220
20280
13314
4003
16343
31202
17081
8004
454
6882
13289
14377
11773
31689
3849
21605
24788
23101
8041
22395
1708
16394
30962
7190
6362
25534
3672
32493
12175
3168
13591
14720
11027
7596
23878
30436
19484
26041
11287
29213
28153
9632
19189
19900
19781
16140
31379
27144
840
3504
24111
12757
19983
1542
16103
27071
9297
28927
11903
20223
9366
19990
12880
18970
8465
1878
26026
17900
16641
31474
27651
25476
14913
9864
321
11126
29235
5640
3748
1114
23062
12557
8019
18808
11328
17888
6897
30173
19654
12122
24781
28088
7143
11443
18002
20286
17589
30213
2345
13713
2902
23895
12776
10097
5732
8198
11641
10543
31007
5171
28701
15903
9422
28867
15672
23818
5237
14308
31508
2384
13324
7646
13376
4667
32686
22121
18530
27057
9884
8509
32362
6646
14589
17097
29589
3566
21936
29370
17609
9601
28584
14900
19547
3647
32618
19250
28051
31973
29070
26646
22374
3207
14788
5087
14235
24098
19119
22662
28864
1424
25318
9191
21276
6919
2168
21957
9370
10447
31428
5837
18094
28103
22483
4149
26003
16380
29054
15419
8766
25618
12475
32523
1418
29989
29926
28080
27441
604
4536
31695
1922
2827
8486
8492
9970
13812
19893
18886
8237
17973
26506
17351
6980
10782
15330
17961
1242
15020
15458
26609
20574
28221
12219
18061
8080
27323
20741
21484
26473
27442
26642
18503
27605
5980
17766
27592
27531
15584
13876
25588
22701
5043
31227
622
21290
8609
4569
2877
29144
23947
2026
18531
12371
20856
23728
1064
735
19680
16270
20237
8537
2014
15639
902
5461
14684
28646
5507
27555
25279
2449
22993
21606
5596
25865
31743
25783
20270
10610
9788
19729
14048
22360
5834
26761
11571
6748
15069
21582
9840
24347
7196
9487
20714
26051
13501
15656
18012
26074
27494
15122
30986
23523
22973
17819
7776
22559
31669
26093
31623
12863
1523
12911
17503
5398
3743
8574
2396
10156
19939
14269
14192
30523
31517
24739
10986
14058
29320
86
24225
20782
27849
12215
19932
19532
17884
11854
19354
17466
28520
20005
6358
17267
21012
28494
6619
6882
15214
24949
30567
19496
2240
5472
28619
8636
1449
16001
20274
7851
5596
23517
15637
23229
24882
25369
9484
26690
2113
11966
6396
2889
1881
1843
28936
3619
27382
921
23832
11548
18277
28703
20785
7165
17783
14598
24649
11108
318
13492
29452
24116
25882
13316
10942
16203
10625
10525
19518
15226
4193
972
29532
28192
19455
11611
782
18231
5569
23800
24333
31532
24429
4211
18771
6987
1076
19482
369
24713
679
22535
20632
22159
6750
27892
17231
17211
11564
27843
10517
29317
20065
31850
20905
28328
79
1361
14723
32141
3616
30819
2407
6153
14206
22957
14474
3598
28820
22056
3394
13392
9844
18609
564
17633
17762
21776
11287
30081
3754
588
3811
800
25576
24202
29972
8084
31492
8568
31465
6783
20855
482
17255
21850
11209
24404
20455
26450
376
9698
30166
27979
29892
11746
10156
23071
1246
12993
28973
5926
4013
30743
2709
26905
11196
27317
25749
8540
20858
19290
11607
31600
12695
20624
30936
1443
27932
31285
28779
23712
25482
15111
5775
15743
3385
19381
2681
21929
29444
12370
10368
3004
9371
4894
15929
16506
19231
1682
6457
13344
18336
2486
20558
30934
22744
5322
3406
7678
25179
30983
27178
5209
65
26053
2789
32461
3886
20459
29065
12761
28728
14459
18041
74
5995
17540
21239
2194
25317
21908
7726
14858
1539
23948
24347
2899
7941
23244
21411
11934
19584
8850
24199
17973
24489
32271
12358
1499
8307
14226
1048
6140
26394
14825
12583
21348
27212
21022
25258
24308
1411
3585
7989
4039
9367
3188
17732
9813
14404
17931
17574
13203
19285
30043
638
15280
24909
23285
11983
22955
14323
30124
12464
11212
3309
26461
21413
16149
17385
11731
7058
12420
20730
7926
25529
22975
12496
29007
17944
28475
13598
3321
30120
14189
32053
20615
755
32004
27824
27594
18359
144
5176
8592
17720
4938
14222
126
11581
15948
13061
18001
11435
21022
31455
7239
16058
30513
1027
1738
2359
6039
1949
7163
12576
23738
32209
26326
14270
19409
22059
15902
20184
29046
16279
28717
15358
32335
5148
1610
11161
3452
28244
2043
17141
3651
4244
10208
10332
22732
28097
19796
26501
30437
32612
7015
25589
6283
7014
26695
26198
22681
25778
13825
14056
24657
4643
27960
14317
24321
24471
3841
17648
15738
12804
25491
2543
21671
18644
3086
2484
22629
8697
126
3853
15202
15617
21921
28689
2867
7320
31255
6998
855
26631
30188
3287
10459
30790
5687
20511
23983
12088
14606
2561
323
8948
27888
17385
11822
1404
12272
29887
29721
23874
14713
1874
23421
9773
12967
10722
30311
7434
15248
18070
18294
25022
15488
21134
15306
1683
22284
12889
16306
4175
29170
7509
3265
32023
18380
24284
32198
8072
22502
26586
14426
25303
24265
3011
32732
28176
14792
8328
5217
8518
19215
30759
29103
26147
15220
24434
4358
15820
25715
25341
2508
1125
21786
23528
3462
31154
29664
14341
10058
12412
28143
14104
23449
18677
30980
20056
8036
4186
17005
11074
6651
20015
9530
13332
16962
14076
11176
28730
16970
17904
27800
12726
21636
25186
24890
26129
2577
8652
30039
18356
15685
21476
17639
14728
12268
21443
30743
24578
23860
20535
3944
7987
30576
10959
6420
20171
12637
10359
15481
18967
26165
27520
24770
12182
18551
12430
26206
28092
449
25360
29534
22325
8193
18829
4242
5758
29288
15445
8423
24864
11692
18971
24680
10591
15545
14836
29919
31746
17104
2372
1512
28428
7526
18224
21691
6594
17925
16610
4932
4824
32759
2474
13151
28550
25971
11495
18955
19774
25830
26447
8956
10869
1501
5352
23003
4938
8691
32665
15002
10507
22112
1233
22632
29076
29329
25052
3842
5206
25256
13165
375
20006
23251
6033
28673
2328
21150
16042
12689
30737
17881
22459
3840
5316
7296
19583
21923
29473
18709
10961
17253
24561
3713
26247
27157
15957
32599
21855
31974
10324
29649
29982
23303
18531
6117
22705
706
15501
29329
20446
5650
15233
18998
25268
20598
16418
19130
9944
1699
27516
27844
920
10940
18127
374
5173
27098
15843
15358
28822
15861
17139
6873
25968
25492
22684
3705
25839
21002
15846
28484
31502
10592
11144
16554
6415
18126
18675
7955
29044
15997
19713
20016
24388
14524
25520
22968
26518
30609
6188
20001
30263
20492
119
23409
7530
27405
17657
1108
31776
18930
26695
11827
27547
22507
16486
9307
5095
31116
32440
12567
9538
27014
3322
18496
6471
20138
16315
18046
9364
16042
17123
27255
22770
12132
2111
10148
15825
4325
21823
30656
5615
15903
13909
13029
9981
23863
32380
18531
3316
5528
1829
18185
17828
12146
13047
19114
32235
32440
13187
31288
20029
24296
6466
32241
7449
31332
1689
18649
21203
29920
20089
6112
15731
9516
4439
2427
2647
2949
5380
23837
28309
14044
29185
27446
26983
6634
6683
15613
19448
25037
12417
5599
276
2747
13285
23431
11314
22784
18145
15407
31665
18077
13149
25026
11601
20291
5364
19026
32701
10986
13493
12455
29993
8203
443
30170
27118
13993
15226
9395
8968
11640
18949
25465
30849
10614
10720
22857
31841
2694
10597
28755
13887
1380
5952
9768
24650
19587
21265
23715
28579
683
19023
22983
19708
1103
8893
29487
16414
5866
2685
15444
25875
1933
3138
2483
27140
21059
28699
9638
31886
7854
357
15985
4382
4979
12907
26254
9124
14751
6473
18180
1741
23177
4479
17929
20392
20670
15249
83
8679
3237
19911
26731
1823
21496
25018
11760
8567
26334
17383
7889
26264
14826
31141
3947
22884
30836
13318
9352
10899
26113
5558
10004
21191
20454
22494
1346
2749
7940
30120
15296
22782
26925
18253
13110
28737
29054
17708
27776
9585
14981
11201
19567
21209
24388
17677
5487
20446
12167
27527
16745
2325
7999
8322
32358
8386
31900
12656
20890
13045
5351
1000
15452
27518
24013
3093
1979
11168
26301
13686
3482
6023
28792
31211
30833
28488
6048
24136
3983
13552
8317
13546
11334
20560
29464
31470
16474
4652
24454
6697
13488
16910
17374
23825
17665
7124
16200
13195
7952
2874
15523
12663
20890
5825
7963
32280
383
29795
26633
24294
11133
15326
8616
14768
523
22228
20944
31261
11495
11242
15497
6639
14605
25097
29989
4323
20582
6007
10720
1859
984
11275
17362
24991
25382
6613
11688
9370
13678
26512
25650
23240
19456
22808
22958
25346
30061
9122
2056
27399
20359
27886
12953
4814
23358
28824
11812
25633
22012
23839
23496
27418
13252
14872
21264
2213
11449
26339
32032
29422
13317
22017
7109
21342
1456
7023
21465
27649
5249
22123
14499
29424
12754
30286
20385
576
29117
21988
13889
10394
27664
17682
28388
5476
11647
13788
7448
23215
15923
12906
32586
7593
29424
2729
12295
17081
9870
2713
32583
17823
27956
16591
8641
17601
7208
19071
2166
17004
25798
19621
15963
1425
16460
6756
16761
14948
20302
10807
16080
8870
5227
8857
12071
21072
24254
14987
9473
3192
16367
6913
843
26799
22464
8073
9194
5301
9283
2015
6030
5009
27475
15477
26911
20332
2092
20090
29451
11127
21756
16647
20383
29473
15709
19840
14925
15083
26285
13646
16412
4178
19185
20626
25181
5975
8920
16071
10385
4347
2660
20956
27042
18106
4723
24797
10606
7168
3915
24847
26978
31360
7318
25425
3892
21203
22106
25828
21233
28482
13285
21889
22008
24632
19917
207
26302
25116
24427
16811
29984
12722
31191
21231
6062
32027
12580
3315
21021
17658
7368
13517
20866
2897
20018
32032
29649
18162
28554
6718
2778
12629
24731
3034
21710
16188
10075
2855
20983
30028
4289
11382
21053
22481
7440
14600
31370
8668
19857
14476
10895
20760
20505
20898
1176
20880
6788
502
32038
26513
1429
6751
4624
6936
5531
19281
22257
14584
20167
15627
27133
13160
10337
8602
10545
4541
13556
10627
32713
8031
14324
17609
1672
8194
5261
31753
2601
21405
5115
2440
27789
30198
15170
13311
31891
20313
10988
7315
15763
19213
437
12656
1542
16629
15683
8999
3786
17566
15843
23832
9264
31152
22916
14339
28209
8953
13733
3415
27719
22940
18309
14981
10736
28051
7326
9643
18577
24789
7798
7597
30051
1422
482
16495
1700
7835
7309
18601
8195
21801
16341
27677
9617
32082
27760
32460
9879
22435
13912
30793
12413
14592
31179
16030
19671
25980
28861
14400
16305
7750
22305
5378
1239
561
32729
18296
14882
18936
23756
93
7726
10647
10748
14649
5455
19110
4963
9300
12243
32654
28672
18005
14454
30424
3534
6496
7526
14549
28082
4344
17999
15898
22424
1472
17931
14329
6122
21954
2470
14692
6379
18078
23403
29739
31655
12086
8630
223
30665
23081
1333
8896
3125
18210
21955
5991
10835
29496
11775
2477
32710
27576
16467
10608
13290
1174
25289
11925
29884
2299
26532
28832
28548
8000
18915
796
25499
1919
26352
17294
17332
32492
22586
882
314
23156
9406
879
17046
17676
18737
2364
25685
23935
25991
13142
31478
30591
26667
12707
30521
23679
27880
10557
17007
23823
10447
32015
8786
4350
23193
6237
10624
15685
13802
26087
32198
3401
23786
15086
4197
13663
13072
5709
15666
15593
665
25029
32440
7411
28030
4424
13079
26605
7930
27184
19714
31974
7202
18474
5761
3422
21534
18924
31842
17120
23547
30924
28497
26133
9593
22902
30447
1915
30423
28380
19705
10304
11976
2580
27080
6553
10403
5914
18917
574
3517
5715
20768
15895
13772
12346
23974
28000
31140
18737
29472
260
1054
9898
9623
31762
24673
20554
22108
4213
19621
12135
18970
19061
30659
29326
1717
12602
30021
20752
3599
20447
30871
17978
19175
23539
20400
1384
6114
8325
14971
6966
11847
1022
20343
17937
22803
17150
431
18403
15757
15710
4659
6076
3857
18663
1993
16478
13115
14709
3201
2378
12168
10734
8615
7789
15667
12803
12882
24876
26688
3864
17282
16695
21232
17166
1227
2358
26780
10874
19523
2246
17672
14876
18089
23490
20604
12466
12726
17903
3427
5522
22481
3891
3084
4433
176
20978
8703
9242
27025
27617
13853
24597
14223
15654
18739
4002
9441
238
21982
1701
5962
19019
11168
27246
4404
16773
10143
4126
26774
9842
15921
12840
2618
10706
15168
11833
26595
11534
18765
2774
10754
12761
14930
5967
31517
25905
5719
21470
15061
14081
29779
14811
9503
25393
25804
20087
9607
3253
23622
16913
11722
32259
5973
4950
14392
11250
19135
3568
9770
19330
27005
18855
4261
28969
25711
22011
7677
11048
11303
23978
32615
1965
11890
31910
7327
18544
32128
10028
2188
16945
18105
28441
1681
17139
12219
27172
4145
23360
5862
6939
10912
3194
15798
18661
26462
3073
26503
29032
472
22943
748
11887
5598
32600
17153
6823
8203
21560
29357
5458
1122
25675
17464
30890
5682
25689
26526
22120
6530
29804
571
3366
24348
21777
4376
2751
8702
31420
27533
11974
226
19490
9683
23700
5719
29418
6891
29671
27929
16613
16124
27156
27579
1524
7540
32085
32523
20484
27891
30176
5911
2750
954
17845
7387
8247
14576
24346
27604
27061
7656
4978
22775
24242
7681
29841
4875
30716
2065
14609
10690
11172
21424
25809
30209
25632
8119
30504
10156
12555
26374
25489
3308
30449
27040
22464
17023
18179
17062
26115
1304
6643
28470
5914
28803
26190
22691
4489
26568
11853
32449
20041
19925
8704
31307
2391
20104
24996
32054
8012
3356
24065
13969
12960
24871
7099
21246
22846
10242
22481
5970
15432
27119
9240
25696
12049
22045
12485
29451
32049
26279
11225
3728
27787
17551
18599
502
2622
13193
2358
4561
236
21795
5999
12676
3970
22456
4526
26448
1246
11889
7189
1086
8445
25459
26427
5009
25967
13918
4220
4380
32466
25886
13683
21353
14384
10416
25569
9484
29362
13932
8567
13509
14983
5708
5474
9689
669
15277
11559
232
11449
23921
27501
1668
8289
24327
28499
3757
23196
26470
12138
6102
3363
10940
16273
28235
12314
10744
1428
5729
22936
20095
17391
14596
22576
28776
32173
4002
6798
12413
13185
6674
15821
32343
16352
14801
10016
18575
30708
681
29106
6
16720
9884
7024
32414
32152
15893
6592
15481
18985
201
23993
28228
21806
29271
22035
10495
13371
14490
20286
8534
27816
21957
10385
6831
5118
14178
10172
30671
32204
14120
26454
28958
18182
11777
29173
22524
2909
19835
26045
13107
7840
18094
2683
20918
15923
16245
28820
23731
14416
25502
21683
4465
15649
28855
18522
16645
22713
11045
15130
23414
31978
9479
10220
11715
6780
3315
21018
22850
21180
32487
5834
753
31204
15513
12932
15354
16462
30578
14787
29536
205
22177
8730
12656
30790
4959
26069
9882
29007
10527
26088
10127
30787
9525
4369
14676
28230
25264
21566
31754
10506
1391
5864
1556
10899
29510
17012
1750
30355
21596
651
6359
10680
6635
28223
10987
28984
25843
16358
18118
9363
30520
16730
18723
22439
15611
10918
5956
6850
2324
7800
10957
14239
22897
26564
20340
4791
22822
31750
4199
1524
29622
26198
30105
22090
14430
29216
27237
25925
24506
29216
22736
5618
3895
4035
3148
7169
14379
12075
25063
13886
19459
3006
16124
21255
9459
10606
4890
17622
31477
5752
27947
32437
27248
2773
25487
28277
24764
5011
18779
8743
23424
26710
8539
7115
24304
31989
26905
14965
1459
30055
1363
23482
20704
25197
7835
219
26572
8983
29703
18026
2001
19790
23835
21632
19707
7735
28207
29316
2949
8898
9646
437
21291
30290
24205
7489
17941
15445
17312
28132
20883
12862
15258
14700
1336
29617
10698
13913
23068
1437
9995
4486
6879
31616
22925
667
24035
8482
7025
22592
30480
144
17884
7297
9689
5965
3807
28490
16654
19371
29298
14802
21100
24957
31286
11080
20349
20813
27054
16829
2762
11497
10633
5899
11613
23384
8018
5839
15720
19161
8956
28889
27320
10606
18597
27458
26157
21271
21739
22988
7377
12031
4351
12915
25928
13099
5831
1389
2584
22982
5955
21695
5176
16164
6356
13037
2594
31344
4044
15696
28815
25419
5136
17707
23866
15492
7590
12647
14075
24203
11827
17413
18892
16122
11407
8513
3947
28864
250
28040
20661
28387
8790
3570
12907
26247
28130
26359
8934
23031
11803
15864
15931
29015
10495
21619
31475
13024
11993
23225
27375
11989
28033
22518
838
16523
13283
16065
11113
7878
3321
2011
31079
9976
15316
8936
19309
15127
3229
21587
20825
28072
32114
28090
6150
20253
17615
14848
10877
17279
26392
13080
18174
10146
17376
31385
3911
21808
4749
3811
414
31054
10099
3436
31614
21183
16593
31054
17866
28125
7457
10628
29325
11325
11091
31298
13059
14202
20933
12775
31291
199
17616
30587
2264
17601
2665
12782
16968
17427
26728
24144
3007
31295
25117
3982
25304
32609
2243
28995
13693
20702
24516
29391
5247
17460
31986
9134
18607
13595
21398
21878
28432
21083
8419
21463
31033
26984
30426
7459
16169
15845
21176
21645
19464
21166
25231
24077
31778
21003
406
28757
6979
10245
13839
18921
16
14486
20581
14476
3989
14826
30476
21245
4815
9348
11229
28422
6711
15208
23467
27608
2468
7186
16398
9565
9748
4607
20165
15804
11411
9805
25016
17634
29282
15516
29201
30820
18076
28952
13353
10039
14889
2561
6930
31115
24753
9019
16723
28488
11073
27031
30836
9403
7521
8578
1442
30965
22097
15191
2472
17942
634
17733
27262
13180
22575
18021
13715
25904
28822
21419
15501
6537
18856
31951
13555
24841
16463
23305
570
29271
25946
21829
21497
7624
30073
1472
13776
12897
20480
2595
23376
2968
815
8664
14193
31063
27816
9967
26011
29624
26341
1034
24560
18126
12400
21124
32104
25497
10488
29442
19974
9911
2459
22952
29391
10974
9758
21804
25258
12823
21278
11386
14164
8966
2443
12856
9838
23826
31359
30824
18080
30925
13594
27898
16879
23781
908
31927
3390
8556
2237
31335
16505
4674
23049
17294
16660
20501
16860
9204
7372
15450
4071
24871
4005
16824
18461
7867
10374
7230
27218
21166
29214
25549
1037
12937
31232
24631
29818
14400
8327
7454
18178
563
5958
13624
15986
24768
7283
7097
11758
15693
24079
26907
6226
123
12461
3287
15532
29119
26295
6036
13127
19679
1157
22974
5638
14196
29677
3467
22488
29942
29462
29872
29917
209
26018
8634
158
11445
30890
9552
31204
13272
20410
23673
14469
484
17335
22426
1631
31028
3795
6376
23630
22388
19685
32552
25422
26361
16590
28602
22005
1500
1739
6653
30019
13966
25353
3406
13598
25955
2358
30576
31443
26180
20704
31511
27230
25078
7727
17573
29511
27381
12755
18374
26253
28338
4977
14216
1990
5688
27475
20989
27244
2952
12206
27740
25219
13843
27015
31011
1368
4132
25430
23353
15704
15000
3890
24871
31138
16275
5205
7799
29085
15347
6991
10134
2301
21040
3523
9755
26657
5500
9974
12992
14123
2969
17350
13972
19578
10896
2688
4444
2933
2110
26156
7386
26639
31542
17401
24596
838
8437
620
8338
3292
2930
10427
24400
11270
2909
19674
14817
12814
4072
1307
440
6175
16928
8396
24962
21362
9349
19463
642
21931
29008
24284
24451
16048
27850
32468
17761
497
17126
19294
14892
25805
27972
22464
22810
27410
16725
22801
15246
7725
15652
14473
28891
2594
26226
9399
12281
16907
13288
27072
25070
32208
3702
14250
19727
15592
27038
15547
23084
13408
23135
23947
6570
9293
31072
15013
27093
25241
19857
13255
31115
14451
17493
19666
11542
20013
14856
6745
31789
18750
19098
4884
16670
20558
24133
18843
671
20307
10247
13392
13644
22768
18903
26731
2850
6611
14798
10989
30432
9741
27855
24124
820
921
3577
11278
1725
10918
13545
22128
30920
20079
32194
28665
27625
25408
11796
18952
9501
17636
1791
3421
30825
22532
18721
15691
15608
29069
2496
25208
24402
12070
15220
1568
17823
29264
11437
27881
21391
10908
8973
32560
23887
6520
17451
11395
2195
13946
17168
5435
30382
15775
19351
29837
5443
11075
26579
4891
28482
6269
26022
10159
2756
3152
9273
21691
912
6416
10335
9771
5122
24249
24739
15554
12455
24143
15689
12757
24093
26496
10194
7728
11335
15885
6756
24425
10861
4227
20655
23162
21202
1337
15188
15144
183
10363
22814
28098
8204
4816
25282
21428
28522
22244
24897
14137
22200
8562
7396
1159
29244
3842
6114
17893
7
3000
4565
1443
25202
24084
15061
12878
15414
20992
12658
31638
32540
25742
23010
15792
8927
11711
7120
14192
29517
6624
869
31723
14702
11659
17717
29843
3703
30115
21664
32004
12483
32392
24205
20847
31335
22471
7790
3461
18495
26393
16127
31473
12768
12339
5474
30035
15122
22938
26182
9662
6074
30666
10199
20064
21750
9347
28183
32252
2275
5887
7299
12491
6887
2069
23772
8472
25964
29107
20651
22833
26113
30340
11473
27937
23520
27770
28541
5294
2421
10106
2120
27003
23438
4165
28152
4428
18099
20307
4386
3688
1860
8063
5952
16501
28910
24532
4333
30449
32399
1183
4492
19354
5222
23927
32440
13177
2882
21425
25277
15891
28915
15947
27466
30067
32292
14991
22763
28421
29732
16450
22659
9926
25861
29308
20213
23501
10383
2352
80
19087
11181
13787
244
26607
17446
29873
18440
21895
13588
25343
30774
32696
23851
22181
5825
13544
3795
7468
22200
9670
2436
32229
29002
2406
14202
20895
21601
20124
6834
20399
2935
406
23181
6123
6100
32523
20295
5600
18055
2377
16384
3083
31680
8515
31746
14600
28474
2339
2173
26972
28102
11973
14582
18882
3282
647
2792
9341
17956
14923
13378
11834
6338
9551
744
28596
27692
3092
15735
30096
24828
27813
30798
28295
8948
32623
32152
11345
21023
10592
11029
14573
30440
20292
11713
30478
25013
22215
19579
30596
18083
7382
22130
5834
26378
3235
27616
5042
25229
20093
18102
11582
25536
2305
19986
14510
22200
31722
1014
17248
3494
15071
21683
31866
21454
18757
30647
24747
10332
25799
5929
13087
23690
11724
31656
29975
22341
8391
2483
28935
17653
28465
9952
28722
5667
12132
7199
29094
30701
9567
7708
28405
16040
15809
32305
25231
19736
14079
16701
14471
23808
29191
32389
9151
4166
14871
29571
15307
22654
30134
16625
22769
3366
27517
6834
29626
2696
6655
28065
7130
25414
24638
17354
20125
21980
8005
4584
29137
30817
30029
21010
24336
28347
4369
6019
26328
10268
30243
13466
11576
1686
3291
13018
25360
25820
20301
26809
30958
2017
32435
17912
15520
236
19712
3153
28561
28904
20163
6210
26373
21513
15597
16813
32645
19555
11087
2653
1455
20542
22667
20301
26168
7597
26341
26973
5285
9655
14507
3888
17515
2427
16724
19458
19894
13407
1831
24747
10184
24854
14453
9817
25674
26194
25371
17398
1588
117
13486
21639
7889
29032
13202
23259
8147
30169
19839
8292
20645
11053
26435
2443
13272
30068
27202
26372
5068
4636
11280
29201
942
14954
17469
18346
15141
8145
2714
9876
29585
182
26531
8362
17203
27109
4053
17806
14939
31369
26951
2905
11205
28041
28654
12222
15196
13073
20238
28934
1671
9902
7354
11195
19201
20146
11540
11792
16568
9699
74
10457
29431
29948
6662
10625
29542
21987
21722
25118
19109
17323
12291
17907
5255
23772
18300
19120
6404
674
13202
24603
25221
26339
27834
620
13569
30972
13617
31009
2136
7717
20014
23762
12507
12693
1070
1842
12538
10525
30151
700
17191
21762
14120
29761
2081
2802
21393
30272
5442
23891
18541
10551
8680
16336
13969
12452
14606
28630
32105
11496
32517
19162
23230
4698
2306
10858
28154
29075
8341
19019
20384
25344
18588
18448
27296
21078
13514
32205
22332
16900
20007
2407
1100
24395
293
21566
32667
23812
24675
14158
7589
1517
13974
31340
914
12051
10156
21678
8575
14326
18985
4053
9773
9757
4319
17184
7224
28946
9084
26048
25286
2561
31568
30756
18201
4875
23704
13935
30458
14931
29044
21390
14637
23722
25579
30800
27316
29755
9754
16372
31994
16664
22663
10935
31176
27925
7726
3094
13390
3759
15121
1811
19152
25323
4222
1247
7685
976
3589
5507
30298
22925
959
13877
4513
5185
32065
3465
17733
3074
8585
31988
19904
6947
16647
27896
14106
22705
7200
13253
2904
696
14326
5516
29183
21704
14795
23896
226
15869
19245
10135
21585
20515
27843
16199
8059
26341
27011
20607
4071
10582
31726
30817
1202
32190
4249
30857
5487
30458
24185
14007
21981
27416
20634
30239
17855
21853
10449
22637
5640
3807
29264
7413
16279
5993
9100
813
21240
13460
3149
21456
9091
12628
23103
11593
19371
29500
12012
18747
3120
27554
10351
25764
30746
15393
30178
1669
22603
25792
16122
19303
5792
14835
8512
12390
12783
2858
14158
4106
12075
1290
3659
14762
8032
9926
21041
12406
16502
15423
29200
9698
23095
31536
19880
32715
10450
11221
28731
1956
21116
29283
26860
2313
28678
18490
7995
13442
6024
32720
23488
17946
441
19017
17512
23067
19151
1208
3424
14654
17302
26063
16430
12275
18345
24294
3850
6198
11095
5337
810
29306
23370
7623
12149
28472
5389
11006
17131
710
25072
7718
32737
18937
15497
30727
22309
1946
11801
5162
5682
174
27187
31103
9295
3269
13178
18727
23465
27729
6008
29694
28836
16050
18812
10286
15010
12142
259
3318
17690
26824
27177
24704
17263
31222
18509
22538
10611
30288
19704
24987
23438
1908
6392
1726
31868
24093
2427
2388
12071
24851
31112
9889
16344
13849
28282
13546
3189
8204
12627
4898
28863
14291
23048
26827
10366
17664
8888
3340
24302
9055
21619
6027
28853
19946
31441
20011
3865
21298
17131
5993
14535
23107
6284
19104
1054
1862
9633
18525
1107
9841
4937
29211
497
8482
3528
25464
32270
30602
21830
1878
22977
27035
28567
17293
10057
25909
6183
31368
17503
23278
26852
11478
19607
1335
4977
10070
20344
1899
9845
30322
4496
18573
27704
11170
17179
23851
30781
18369
4883
28354
21061
29876
996
5254
17928
22306
19090
3286
23674
3410
18251
25033
31438
8639
20417
12961
13566
15814
16456
21892
2290
5289
9800
32121
15222
26075
22595
26361
10866
22490
1623
1886
20407
19532
25762
26476
17017
29135
28888
12446
8635
7027
19298
27238
7710
4022
7433
23360
3731
12970
25034
20715
8255
14961
31486
2809
7021
14988
28808
12745
11886
4511
380
8050
20132
8248
27299
10900
13843
15036
26748
23499
18954
7157
4230
827
22506
6016
8317
18619
18283
25150
12279
22762
5647
27054
23821
23762
14456
11064
4728
23414
15701
27818
18130
24607
17560
6538
26664
16760
2034
29580
2235
23091
7985
8216
9555
14965
32547
11295
27091
18293
211
19211
3174
14509
13744
1169
31715
12218
7800
5132
18143
4059
18774
26638
16000
2556
18248
29828
16298
21440
8409
17724
12079
1944
24632
22052
30372
15118
18684
16382
4237
16856
8459
13604
1035
14952
19637
11124
28816
21501
25011
28584
16129
6182
15834
25040
22072
17904
16634
11947
11802
19678
19885
17477
26316
5673
999
31660
5955
25754
4525
7023
23208
1235
25073
18964
6362
12534
6505
27742
15698
1962
30661
21742
10692
11089
9058
14468
11137
16364
26707
26683
9731
12758
11441
16422
7765
9619
2466
13907
11103
7043
21700
16550
4909
6805
24177
27610
30824
20173
9572
5055
14302
29352
14179
29877
16726
5313
11637
14589
12906
5928
8227
31141
28880
2864
14511
6103
23381
29836
17591
5690
3959
27657
8266
32666
7170
28552
30667
1592
5962
16645
2954
15068
25759
9301
2007
25397
19759
2995
27453
15192
13133
18789
17452
20550
31655
17551
10933
31334
25235
31923
1997
25960
23019
11867
31969
20057
3065
25286
2983
11241
29798
1145
18051
29860
26662
21691
29434
14948
16832
29052
21690
21355
28977
6240
31090
31496
7156
30535
8945
14179
6563
17021
26107
1101
12343
3451
14210
30146
17467
13115
16646
6815
29254
5892
23601
13263
13912
29712
2575
10633
6549
13372
29697
17919
4746
28980
22994
5202
28184
15603
11500
23913
27597
10972
459
28322
1697
23493
5753
12365
15356
22930
22565
1414
17595
8602
18234
29640
31865
18762
13947
2602
30436
8497
23458
6962
10481
3628
2700
6365
1404
17880
8156
23875
1016
15407
1236
14397
1082
18685
8414
31619
9984
6048
17688
19788
23519
16261
32152
20222
22629
27718
1712
21295
32186
708
19030
3142
7315
7171
22145
31726
7565
24455
23522
11234
8848
21236
17039
439
23612
14769
22324
18815
29229
11242
11825
27674
22568
26650
24703
2434
1419
6498
5283
4058
1550
11157
25167
24877
10188
31275
27519
2075
22024
24967
7163
16303
20519
23144
9276
6792
5377
15292
25688
6200
21223
22920
19442
18023
16135
7274
7912
16283
32718
26490
20129
22339
11560
29656
6749
11503
19776
18584
10362
11776
24057
16662
24989
17536
2899
5381
22910
6589
3886
16879
20299
4560
3961
348
28847
8500
7586
18266
10988
12385
23595
12856
19960
4227
14164
15907
9054
19857
4087
19830
10038
8201
23075
25569
26633
23547
1266
20768
24787
31685
31749
19344
14004
15869
21486
26805
29283
25217
23023
32070
12086
13193
6409
29822
17986
16469
25374
2168
7796
1060
9966
7082
27421
2091
4850
4397
24173
30186
9246
24688
7408
8675
24158
12957
15265
31616
15394
610
3814
20375
29693
9701
10613
3454
31750
5299
19880
31524
10678
18210
14646
11661
18972
12170
16157
24208
7428
6459
18185
18881
19542
21929
8500
1926
8368
20141
1712
15781
17209
7876
7437
65
30928
20266
1567
1887
17352
9868
23187
3112
28375
2049
12345
9444
6111
28311
12211
12232
7155
18950
6060
23524
4562
9577
17513
27529
11205
18660
20210
19567
13692
12180
24493
4328
7085
22202
31535
32315
29272
12954
26479
29282
21681
21789
13949
4091
316
17349
3860
10668
10678
13914
6193
31678
6202
17045
30367
24296
7952
32189
14711
30029
12194
32758
5785
18887
25465
28262
3527
8829
30071
11478
25691
21077
4344
10586
32466
21158
12678
10221
25072
7244
1598
31945
11342
30036
8625
5504
16286
16288
26071
22183
15324
5118
14057
11670
1504
31411
16303
22201
23781
26529
13461
21297
1897
14538
7229
16757
7195
24591
14445
14943
1625
106
28176
13421
10362
6697
7656
15672
26896
15785
30962
9977
24473
22868
23649
3471
655
12372
10371
1394
18970
4339
24440
28188
10626
26731
4134
30900
17139
8363
886
27685
14730
16080
30849
31790
22531
19050
17272
15411
4890
13561
1957
5415
4196
20339
20081
4362
31294
6696
29286
13026
20147
30492
8699
8196
15009
18567
27555
19313
12264
18556
32723
15469
18996
21755
23417
16545
14167
21524
15002
11265
16401
19888
15089
24487
4536
27146
27570
5212
23689
1111
13311
30936
29646
7101
21915
32395
13149
28384
31880
870
21162
22950
15973
14142
27005
14609
21413
19449
9514
7959
19134
18370
13710
21596
2921
18566
30941
5684
30044
18416
10600
3248
20676
14891
1512
26382
7072
19782
30381
12534
11388
10686
6698
24851
26997
21182
1828
30233
2621
32580
7190
6132
12951
2205
6766
28870
1095
2445
15433
31777
269
18902
14880
23782
22276
7504
5286
27024
11979
16761
14723
28387
13013
28791
14272
15579
28542
31700
28254
6895
31966
6641
27784
2491
5397
29149
6762
29856
27545
15054
25366
30255
24971
13104
17236
4625
17800
12209
17729
528
17392
5391
12483
29333
24771
25425
5817
27465
16140
31373
2165
5174
15574
17947
25925
20378
25916
7412
6474
7542
31950
29916
29201
5346
15936
9795
13672
6770
21418
886
4064
4566
13807
2436
23330
17165
18636
8973
20137
25409
5438
19755
1220
8064
16066
31435
22589
17495
28632
742
9413
13891
18004
2437
10839
31250
25243
26950
14891
14430
29153
2566
21150
17825
7621
5670
14986
2672
32058
11716
23814
3412
15012
5125
3664
22888
31967
18849
5838
21134
12113
4680
28921
9238
15728
21221
2970
187
16410
5942
6326
31733
26284
24721
32192
32261
9441
29962
14707
25309
15189
5442
16851
15038
22580
30894
14404
11133
28317
18765
4898
28039
2238
14899
3051
19686
15109
6913
8760
17068
32029
7687
11074
21326
19584
9640
24358
1876
30510
12293
18103
29364
15663
32367
31176
32449
2900
32595
27248
8515
25472
3621
15517
9129
27863
17980
26771
19083
3271
14586
31288
15052
28052
13410
16455
9200
12986
315
5331
28260
12889
19816
11586
3429
10318
18089
21388
13551
22400
27303
14854
9704
17819
1048
30346
13646
18637
11448
7119
28770
1869
28582
14133
10509
29247
17309
11311
3144
9195
16390
32023
14275
7069
269
20764
22332
30528
13011
6051
7960
15162
9212
18416
6197
28128
13068
11435
16325
23390
18148
27992
25116
18837
12578
32303
6270
7353
32589
24691
25007
24909
19664
14639
26876
22059
27663
10929
6990
18605
5904
19460
19464
30462
20323
5272
21663
28017
20514
3401
734
25215
7724
12360
9362
14516
25014
8705
5395
19798
31660
10336
32032
29472
25991
16506
24131
15577
9947
9632
22149
31064
18216
22644
22604
8987
2019
7942
27991
18003
12266
21963
10630
29229
12824
6950
14437
15641
1727
5570
14210
32648
26729
2811
3233
29004
1920
4820
23737
20333
9452
11567
16539
7288
15904
32105
21672
9182
8138
15974
26692
4979
482
17442
22590
30604
18329
17836
21214
11601
28417
26443
5887
28467
17446
29971
30858
2130
2545
26976
26232
521
24021
27768
5412
9654
1714
15978
30101
25261
31114
1106
27312
30199
1113
17524
22713
6298
18538
23083
29599
7699
5190
16863
24318
21148
17735
22622
23918
32502
7003
12932
22020
27105
29279
2013
6086
27863
19713
11624
22817
9223
9432
791
8052
19242
1850
11556
27437
1766
5916
22849
32630
16979
7171
11627
2535
27335
21948
26292
31154
25629
22629
28089
17006
25113
3527
15354
20763
7094
7187
27527
3642
9149
11330
32248
25502
24749
9041
15479
21855
6529
16651
31798
4199
13513
5375
19422
11592
318
18461
5911
2552
7171
23136
7544
29158
31799
10828
13144
1652
25603
10529
21848
18764
15584
17412
5270
15328
3428
22351
19344
6776
3005
30137
25036
27822
13268
24579
5788
13095
2731
6211
5232
25906
2873
31397
15276
29246
1933
24053
8771
32592
12286
27569
25611
17167
14209
8248
1555
9313
6810
11293
27646
7478
5817
61
24148
6500
6299
16956
7393
17462
30330
25740
27116
18208
10172
22982
2795
3819
3290
30267
16436
26892
16040
11247
6281
2048
4383
18548
21747
20053
2654
18559
21994
17836
24534
7938
30596
16108
12593
16855
18744
16295
3703
19636
29346
6147
15660
19217
27767
11342
28347
31304
24619
27107
22677
23935
27562
15225
10160
17746
20036
5560
7236
26399
18979
3941
20308
23283
15547
27358
28870
4441
16751
11954
29338
2880
25404
11118
7585
26825
1199
15726
22575
20721
21069
2300
30282
7387
10887
20525
22930
21152
21776
13712
15605
19899
3155
29418
2115
17705
23777
32207
27307
19324
26996
29708
1695
2056
26225
18771
14596
5034
21996
17584
18233
6444
21057
19083
14369
11413
16657
5501
24903
6919
7104
3762
29831
1331
2116
1563
30337
19959
24427
9549
9536
21888
26697
26569
4479
28247
21319
4723
28753
9635
14118
26142
22705
8807
20324
23317
30244
24795
5459
22025
14046
30237
16873
1013
4825
13637
30741
21277
23838
8905
23960
23868
20883
25933
31021
21360
14353
1636
22158
9460
14372
25613
19724
7792
28260
8800
27528
31454
18099
24346
19364
12621
28804
8668
11499
11868
21097
10107
22150
10484
24830
2568
18962
16530
28770
32463
7243
14149
23577
7307
2231
22581
12988
30240
29903
5920
29534
20165
1447
19654
68
20046
5330
3947
26929
22497
18651
18807
21963
14423
6696
1261
6190
17540
21782
26068
29500
17964
5556
14022
24068
8034
5639
23026
28943
11556
15368
20398
28930
23095
29624
28211
6721
20432
980
10391
9668
953
1954
24558
22253
3497
29054
15543
26223
24222
29777
10457
26233
20897
26376
31362
9637
8190
542
10601
24804
29761
3414
13904
737
20030
29225
7277
31543
793
6872
7475
23580
24513
10181
15592
23362
4697
20099
18902
18128
12740
29819
3788
19427
16544
3000
31963
12442
28916
22411
8131
31120
8587
28040
18382
20542
22693
5502
20510
15492
22245
12319
226
7134
13443
12845
1154
18808
3271
5070
3725
31728
6038
17961
26299
21078
14487
1218
14683
20786
30456
26365
17067
11705
8503
28934
125
12858
14272
19617
2131
23882
25140
5352
23163
31693
8249
9084
27494
16819
30689
9551
6981
8727
14200
27575
32037
21716
783
28681
15281
13068
6360
24903
18065
7985
32405
7243
23038
22535
24505
13861
28469
9922
14490
22440
29976
13841
13562
16259
908
7762
17647
1365
15956
20750
16043
8332
7220
17226
25612
6646
11034
440
31012
27592
30056
15240
11727
6273
25763
26446
3513
14488
10579
10299
23508
24313
24354
3055
12833
15202
27631
13930
14786
3090
5631
28768
31837
25063
25348
22127
28561
28171
22293
21939
32204
254
22631
1952
26244
5493
32311
1049
18101
23853
28988
27072
29997
2847
26294
695
4135
3923
21178
26981
11371
23891
17955
24843
23158
15827
1742
1910
31090
21884
25804
18926
22613
23539
31231
4787
29837
31668
9268
9730
4908
27719
21844
16311
24761
16896
11195
20021
8934
25493
4030
9674
17284
14776
10764
9439
2026
21068
13690
10771
7622
20749
24502
30110
4831
17640
10091
9192
806
3466
3912
7771
4549
16600
32233
4445
6924
1817
17310
24208
24141
13285
20951
7974
7741
31075
2564
13502
19110
3297
9443
30770
25253
29096
10314
21335
10086
22322
22754
15275
7785
19079
13561
1595
14218
6991
220
11321
31548
17302
21213
23829
20026
3601
16864
30881
14232
31791
20642
5832
23578
32485
6064
16660
24543
30956
29084
30376
15777
18937
10594
2187
8607
4178
12561
28733
23835
25913
11852
18209
3521
12391
5758
19245
19107
16654
15672
23743
11671
17467
21619
29702
26661
11639
4689
24575
8622
17759
11065
22641
3371
16007
23791
7005
5710
13571
6047
31145
2343
4856
1921
22078
14035
10651
22624
12828
4725
1403
250
18092
29004
21923
27974
15384
10164
26188
21611
28146
23958
16606
21001
27704
10824
31072
21650
24959
10643
18157
11635
5746
28233
6389
14174
10977
28754
29827
30378
20553
1717
5388
5007
23671
21548
15726
9079
10641
5154
4861
16891
9152
18425
22668
1544
16291
15867
20069
3078
7058
20457
29340
5147
13618
3067
11249
7093
16022
11110
24761
22052
29782
1835
14206
2074
9746
4170
3362
23107
10786
19574
30408
6594
16059
5731
28016
3001
17032
16074
348
3075
28618
21493
14757
9539
736
6268
5883
5691
13781
4454
6649
22049
26290
21792
29027
19787
8919
1637
12131
21795
8249
16364
26288
28887
20901
31295
26459
23653
11995
937
3439
4463
22821
16009
28339
467
26001
22202
2612
8643
14402
12957
3933
31708
1593
18433
26083
29824
7857
21579
20061
22931
30462
24554
13201
12889
4048
24664
23312
6931
11746
31036
28682
22495
9624
28200
21984
7476
4184
8516
10742
31207
23904
29304
18570
8587
24481
6917
3009
153
31358
4237
20796
2399
25550
8964
11776
15376
2815
9111
22507
14753
20144
9370
10135
20137
3121
14997
13578
25391
25534
8436
14338
16253
32163
3243
27363
7776
26962
11100
25693
17340
15507
11689
3376
31539
155
28068
19950
30566
5045
5802
10429
28041
29336
4325
20260
31118
8051
3129
4673
13221
15518
22612
10420
24344
29132
9407
21630
25192
19283
25841
13120
21216
9781
14840
32455
22991
20338
28513
3860
9803
16953
402
23051
13437
13794
25940
14325
26063
19295
1518
30740
7842
23784
20320
31722
3879
26328
7146
19068
22012
24464
4689
16099
22156
9007
1098
21896
2092
18673
29145
3570
23091
29606
14241
28962
12914
4398
13364
27667
32371
21986
13788
21137
30557
6121
7229
1443
27367
1490
17175
28140
18306
28676
16053
8605
30606
17312
27631
28689
14776
5917
15956
20724
2384
5981
14353
6011
14673
13247
3032
23763
19914
23752
30696
23155
27247
24194
24799
11464
10551
10936
16545
23944
21842
21835
27483
25697
21132
2737
4702
32545
30467
7916
14013
3530
4266
22431
9623
4789
23519
25359
13624
15452
24990
9712
27799
19814
12679
24278
24442
7065
1260
17874
5112
18782
28670
14479
26827
12991
18522
12468
15360
17983
29022
2206
216
3954
10522
11018
26162
12659
13972
19520
19824
10329
15752
22417
18993
5444
26279
9567
23658
28167
11879
7452
14555
30690
17767
13786
11457
21833
20915
32509
28775
16111
5687
5156
1257
8383
7463
5655
1558
17161
16548
11061
18295
7846
27481
22707
30686
25121
5886
21593
26003
21941
9293
25296
3134
27504
16733
5080
7362
14999
23879
3260
12499
16448
27349
9267
19901
31479
6362
20564
25500
19820
8957
17526
25126
22200
8501
25827
14605
9014
25752
28028
9909
24627
24239
24501
12683
20598
4400
6452
20174
28576
7731
17905
10787
582
211
18466
23479
29429
4047
9218
14861
20125
25503
14482
13154
9285
20629
6445
32347
21792
23541
28804
3891
2130
31006
29792
30158
29630
31878
28371
4749
3913
20570
6220
25174
6939
17972
15214
1712
21832
13840
8492
32575
23281
23716
23930
7161
13595
15656
26203
12312
12591
21758
19554
23337
13114
27545
10587
21264
25881
32573
21632
22771
23528
2542
12707
1972
5798
11023
13438
6682
22951
14352
22804
2965
16527
7683
6119
28147
11886
4339
420
24436
25475
27211
11449
28174
8583
314
16605
5055
2912
9915
11
8500
10401
6051
3399
2069
27541
15382
30271
21930
23276
24247
6934
6575
31765
1116
1566
23262
18634
8778
26199
10229
31038
31599
25398
16629
21316
20764
24316
8024
8147
12609
21782
29264
4070
29548
28427
25338
13234
16882
6035
3097
856
18204
14281
3691
23609
30923
913
23742
4584
24555
586
896
28068
28049
5218
22323
8701
5675
811
21572
1228
5157
13785
273
9940
22616
8515
29456
22334
18279
28411
30216
9786
23008
13913
21260
27328
1413
3674
24041
17090
2691
23035
12227
19944
29761
10598
14924
10014
22764
11994
11917
30066
13738
22889
21287
17377
6479
26374
442
14440
22749
28291
7915
30889
31919
25546
1742
25346
22390
14974
29004
25431
13834
29685
3363
19260
7869
15609
9153
31486
5715
17609
15260
12620
21028
5581
5019
17984
22084
22442
10821
26889
5571
4078
5872
10468
27514
26178
10411
14799
4631
26924
9469
3254
20942
21659
23912
9063
31698
21685
24924
14115
10407
7016
4764
1248
16695
19988
9913
27539
22987
27218
30863
10988
7109
19436
10618
26213
16666
25720
20859
32522
14451
22537
26769
11578
26221
14816
29952
9525
5319
21753
20435
20024
917
32567
18805
18264
9596
4914
27011
26831
13592
3555
31072
21907
31365
23205
16302
25760
7515
4634
14877
4110
22982
9736
30268
1548
12196
25603
16814
21559
15043
32451
21507
27869
17410
2583
7766
29924
27614
32342
28847
4144
6348
11687
20365
28154
30056
12668
25257
31419
19927
2823
16668
16074
31195
20078
28779
14717
31398
27816
18488
4483
29192
14893
7308
21905
20006
21582
8773
4954
20796
30443
23663
8779
18524
11926
20930
21928
10483
4297
20870
26023
4597
13170
7943
21000
26447
17435
31816
11723
4479
32338
30848
18358
8663
32670
8775
8306
30896
13272
27568
11033
21395
10351
21657
16127
6755
3203
10368
9089
13587
4995
11024
155
1653
10682
9800
24652
31215
26646
11110
2941
693
22940
27201
8746
14122
20712
28246
8721
24409
1076
15803
27480
2773
25142
2495
7281
23827
17495
32298
15954
13793
9379
32436
10318
28856
120
32498
6295
5
552
12132
10525
30572
4520
32249
7415
25149
21567
11725
15081
24145
20455
8519
4267
27587
4062
3354
26082
4088
922
13030
22790
29793
23541
22314
9566
31494
29077
5528
23600
11342
30915
29874
28567
27274
24826
31123
27913
8459
13948
22506
7676
18560
27717
30854
27430
15682
5485
25716
7601
1946
24596
3406
11317
29327
23535
22899
17293
12319
7112
4550
5529
19881
12069
27757
9660
11510
29539
13344
19613
13013
1740
30769
30817
560
15735
11087
757
19187
14311
29207
28552
1092
14122
31359
25717
32005
2090
13024
25947
30897
27270
