28836
22372
251
28503
31188
28280
14452
38
32237
3795
30312
15745
13994
16842
31942
19242
27887
389
7210
10569
5624
29311
8611
1140
13283
13274
22343
7605
5024
13853
26106
8875
23063
26562
12838
13927
25256
14154
11557
32121
23695
2207
13127
17109
874
17557
16310
3458
30626
23552
15133
11920
9054
7235
11827
24039
12499
18937
13398
14171
26439
15293
6326
6408
5252
5783
15332
13845
23025
6429
25617
20754
6097
25554
16279
29630
207
14842
28471
25102
8953
22225
32049
23467
29465
4778
9524
6884
15111
4065
21284
7806
7526
21477
2860
9802
2140
4147
14052
28218
23587
8884
1509
6934
2289
10330
2985
23293
16565
21820
30052
18868
28598
18201
23825
23935
30203
25483
736
26323
32209
18791
19405
13001
20152
23538
5149
20365
3069
25866
10552
30433
21799
20491
17788
9685
6909
11507
10977
19424
5600
24203
18333
12517
25309
17319
19248
26753
17966
10518
13070
4755
10199
13789
6461
4399
19945
7717
18876
3015
24932
11690
4732
17508
21157
6503
28900
25853
30340
448
14342
16770
27992
26403
25003
25132
31157
4918
5917
3653
31966
4975
32238
13010
13026
14263
6246
5511
29452
23333
6717
17804
2459
31330
27586
22740
710
18768
16730
6482
4033
30250
1477
4456
27826
17606
21869
5188
22060
12374
931
32205
31137
28367
10463
27058
19552
23205
9366
15670
20939
13345
9727
19438
13984
2612
1039
6965
30867
22445
29043
22603
21057
25503
3028
21651
14367
13020
24455
27262
18297
8599
4684
28332
3120
25304
10973
28205
6576
16476
32506
10765
316
10477
14130
4108
11041
12902
31413
11770
10824
3070
29356
13756
31508
14251
1792
11745
17228
28862
29358
18698
22038
29763
11338
1682
30848
15148
6570
11535
23594
6694
29085
22567
17309
20365
29689
5600
22428
25946
18702
2584
21240
16842
2606
2916
28596
19177
25452
28583
26764
26865
31650
31605
6461
8972
10552
30973
22408
30479
15074
9941
11105
13996
789
6259
20779
12911
14757
12944
19046
3891
4456
8423
24925
26029
5525
12143
21449
26399
22820
5299
10508
29936
23900
6116
15344
16135
10927
8530
19855
12678
4694
4122
30356
4536
27555
25417
3446
23873
10827
28347
895
12216
12248
14374
1899
12773
2848
4915
11512
1551
28009
25355
11893
16526
24689
24338
19670
8749
23765
18424
11028
2394
19465
6204
14373
13510
1587
21963
11426
6072
25896
28250
4918
4150
2595
11995
31775
9276
6755
11606
13602
6454
115
11026
31854
16898
13455
27241
12490
31618
21917
1791
5355
28415
23179
8256
2510
21219
21317
12944
11255
8645
11715
12561
11715
8264
1549
26811
32386
23096
21965
10851
8368
22347
22015
31266
9577
20870
30567
23817
7111
19839
6907
10681
2247
3146
4308
833
28727
31480
19799
26642
7545
16247
22226
11119
25019
4983
11574
29224
26347
4415
28742
10821
17422
14830
31260
3591
7107
31500
4813
875
7367
31230
27606
1101
444
13423
4087
27758
26118
25847
28607
9157
30671
3372
4632
2693
25799
30595
23791
28968
7346
8216
11049
13147
28936
2111
4272
18271
31039
20170
20966
5227
18089
19569
22252
22488
17863
19688
21514
31143
6628
1156
16683
5096
5501
27590
23828
31476
25172
10191
24015
3020
18020
31200
6247
27762
25395
26472
32233
3037
2256
25632
17663
27742
21325
4276
22022
29690
25305
17102
15806
13510
25634
19537
7672
10778
16633
30672
11497
21400
30330
6536
19597
325
13061
22774
13066
6953
29411
18087
17678
15681
12536
14367
21019
17743
30067
10310
26389
22902
7643
18501
23148
11174
22087
10379
4683
10837
27865
29110
4594
17870
7960
6985
6513
2828
4249
18842
29005
10858
29383
11400
28536
29180
5749
8022
1708
11849
22960
20522
17625
17875
16332
7205
27924
30359
27937
21033
23598
1081
236
14034
23530
465
29803
20182
7018
6226
29911
5711
15653
28730
6517
30626
20311
11480
17528
25337
5701
19420
9104
8090
32392
20626
16391
15125
12733
11137
21441
28463
17461
6344
19083
2758
27637
23651
10633
6243
20153
7365
27390
2828
29002
20465
31196
4548
10559
7093
19184
10863
4092
9429
15129
1367
17718
4723
22983
27045
2186
20593
31550
29689
5355
30615
14193
3317
24686
10591
17673
2781
22335
10036
31368
7034
15381
25095
23283
18759
11328
27450
23870
13791
27152
4232
28458
31547
12053
19497
16668
28756
16240
9697
4171
25855
16055
6722
13909
11275
14896
20717
11882
29650
6599
11026
30877
15999
10156
27295
2319
31109
15595
8485
23704
20379
31063
26050
30461
31535
498
25132
30654
30848
30386
25600
5028
10975
20815
25742
30758
20746
12322
18148
23391
27755
8513
24309
19950
27675
6453
15816
16276
14349
11449
24608
3194
18415
16974
16156
7944
3282
23186
31575
15663
6710
3266
21596
2645
1046
29914
21821
21605
31521
23051
20994
23201
23753
13038
29921
3182
13242
13187
13930
6252
1404
21272
27399
19955
22249
10384
25328
19806
620
8690
18688
25556
19209
22979
24771
20775
92
14643
25878
9474
22255
3207
20361
28376
160
18964
7007
10865
9880
26553
30193
31496
9829
22517
14288
844
5494
9605
1595
15821
10634
17694
29780
24838
751
22158
20699
7002
30818
13193
9658
31710
1504
25073
26352
13212
3441
17461
8927
1191
8983
32492
5082
804
28926
3403
1975
8475
18636
29115
20139
1920
14549
28622
643
3228
30923
5222
31261
18879
14665
3466
6506
11379
26864
12345
10682
8223
30359
24100
18793
11578
23256
24373
11827
27411
27535
9066
24275
8392
22356
305
29699
19159
16465
15132
24719
31290
8414
3597
9172
29670
13167
30436
11093
322
22739
10415
8124
5515
10905
27284
23088
9034
5018
1445
21970
30869
17190
4217
8950
5574
16867
26705
18354
12006
20856
21807
18067
897
12904
144
5746
26288
229
6180
10104
31755
32134
9235
5040
10038
8441
26986
881
3581
12738
32258
21875
5696
25834
27572
17966
19697
8776
498
28118
22709
31634
29757
28041
30578
5554
487
6299
14334
16869
32103
4761
10029
13361
20268
9058
8329
23587
18835
3501
31619
2324
9253
11941
5999
16159
13249
26397
19887
25763
16507
7494
6628
28781
12689
24090
15756
21701
9232
14213
14989
11217
17438
18825
4429
3643
26621
20338
3536
7727
19295
10105
15760
22398
20497
10849
26753
13348
19284
15015
25347
7826
13231
580
4536
27492
9366
15422
14483
24147
25630
13346
22716
19253
18662
10910
3079
27475
20011
4794
6926
2650
28584
21603
32581
20789
3600
4032
14718
23659
13463
20357
18189
27597
32612
19313
4895
7293
31015
17579
3652
17320
941
11923
29098
1985
22156
15486
6691
9210
13133
13151
22096
21107
17789
21230
16906
22293
30452
21061
27447
16354
10930
19301
29746
8456
20801
18103
27735
31128
12542
19850
27944
8512
5483
22376
12094
19925
3450
4612
32333
8135
31471
5287
14466
6585
32405
12221
19282
15591
7524
12109
14047
11295
27808
15383
14238
14113
8088
28562
106
26879
31454
23229
29273
31595
25027
26938
3445
12595
22712
19983
31800
28443
6738
18271
20457
31843
3192
28807
32031
22423
15633
22658
24168
12054
6892
8935
2595
15935
17094
4471
17394
6283
27760
27831
1455
281
25876
16092
5424
9503
14528
6196
12895
19017
13607
16874
15433
8323
19406
30073
2803
11948
16267
30687
6773
18005
11345
22625
5615
11752
2974
21583
22160
9575
15626
238
20944
23544
8101
13871
7596
23057
24407
4796
6455
13886
25696
7284
18649
15680
23615
20645
10530
6769
4210
27573
227
23445
24239
29915
597
22981
25556
12468
20484
30699
12820
26682
24954
11899
12014
13468
16358
13755
18510
18798
31278
4428
24612
5026
15945
32483
6996
30591
30367
31192
9627
6863
18055
898
6051
964
27813
28074
21925
7646
7008
30395
18408
30594
13836
27858
4482
12121
12404
27641
23106
29289
6635
21259
5360
29845
7439
4566
9119
22777
75
28117
3814
30109
22478
26453
10058
11516
90
27336
9003
515
15209
4721
30611
10077
27282
20142
10595
18218
13983
16547
22471
2993
14032
14931
27441
506
29196
10683
27993
18651
20204
9441
32046
30483
18166
2574
27339
3923
19738
3512
28427
31128
17273
2732
16520
32071
4081
26967
6590
20496
2821
13782
14731
30215
25499
29920
21242
19019
22335
12497
14973
16861
19444
8709
9202
3497
2925
23744
29847
8972
6126
24069
22662
2868
14100
9397
12972
29523
1554
10693
25290
25783
26851
23428
29061
757
25191
12912
12777
5380
25499
11807
16603
13178
23005
29424
3231
30349
32653
11081
7899
23476
21537
2303
18635
12858
14228
7774
20059
24848
6448
30811
23242
18357
25275
12433
21093
6963
22035
13573
4082
7120
11074
17460
26117
9816
1680
4061
11152
7360
11329
5967
30057
2538
8815
611
31081
3737
4287
11601
24080
16481
29283
3114
14367
10316
13673
15160
5749
5452
25572
22448
3573
7636
4224
2108
30023
10200
11795
15357
8575
23173
7814
7880
11530
5543
18574
13846
544
18726
12388
15273
2565
29154
19578
6705
20416
25856
9428
3767
25761
15379
15880
19006
23411
30906
7951
14836
2492
20902
8835
27438
17110
11452
2456
31145
1557
32272
4204
29855
16277
7050
16341
21991
3300
6851
18801
17725
31992
23118
32564
30750
7777
6693
16074
32358
4477
17970
14008
1888
27158
29869
25831
16387
9397
13269
7266
1257
14522
23470
11193
9735
27535
16781
13024
28318
28777
21227
6510
22504
24679
22861
10377
22852
9871
17936
6848
1030
25678
3352
29490
5001
10107
9697
12160
19193
28264
17456
23665
18993
1164
9986
15845
12866
14471
23420
187
16816
26223
19107
12699
25263
776
19503
21757
21372
11053
22384
18570
12274
32684
9975
18463
4326
4985
17590
11520
32667
26024
8731
17301
2916
5364
31111
23470
7736
9806
1185
12025
7467
16820
25029
7546
31537
31497
17323
15873
24077
22934
22671
23543
25770
8768
23727
4449
19874
4693
16130
30882
29084
3694
8775
11764
15299
7589
26904
20886
28824
20265
26014
14601
21970
28058
19902
6001
18035
31970
9311
3666
27692
30120
17464
23453
23235
32284
13576
31390
19721
21716
20299
6103
19128
15985
18946
30142
23231
20476
2108
23083
25140
30289
30718
1556
14832
5377
15807
29879
14572
20222
16256
8630
511
21389
8164
3434
18648
32327
12676
1149
1071
32466
18776
21756
8181
26959
28802
11660
802
1659
20041
27381
6576
5169
16087
22606
4106
20062
17062
30416
6277
7052
11431
24661
8601
27249
20038
9709
15730
15026
21025
18428
14795
30283
2853
19347
23838
13438
1842
10462
21442
1660
23173
10046
13385
21358
5807
27473
22322
19236
25156
10897
29571
27766
30429
32171
6207
1967
11762
10297
4436
26307
13037
3851
20422
11308
10593
31837
29318
23671
21508
31458
13194
25405
1494
32463
5784
12334
19400
28825
7235
15343
27971
7183
24704
19076
30310
22756
11280
32381
31646
6775
11013
11169
11043
18178
10697
29410
5246
1567
1745
12928
6048
22876
28718
4083
29679
30407
19641
16294
20867
18912
11683
32646
27972
22008
18312
28149
3708
12129
23525
16263
3226
9637
4205
14597
7839
5522
27408
11608
17667
5907
2041
16484
4384
10153
4803
3192
21239
9745
25272
23320
23930
8256
2662
29902
7724
9563
11140
17843
11438
10088
17658
12926
7569
28539
13524
9019
15728
16475
19309
8599
26350
23767
22820
8738
12253
11028
22489
4197
30471
13361
19274
9975
25309
17474
1187
6621
18775
3683
21306
18352
11322
23457
24631
25215
11015
4541
14995
12545
22930
23952
26021
3846
602
11796
22698
17396
29804
3227
23025
1919
26912
2273
9246
19685
10435
22010
27824
23099
7504
8700
28041
32231
2034
21193
21332
21465
30334
7513
3514
1661
14358
22051
14233
21523
18732
6177
18162
6352
22722
25548
7519
9754
14091
31056
13081
32725
12095
10140
12790
24055
24671
10332
28303
8284
20268
2148
7588
14602
5384
24876
17943
17951
20654
2666
24654
26105
25199
3481
4277
12104
25934
14773
25888
16726
14969
13453
25023
28331
17408
5217
13611
17441
32557
9956
31358
11044
29839
11458
8897
32165
31919
4176
16817
5350
10017
11874
31591
25171
30220
19440
13035
3428
24236
12880
29685
5577
24867
3738
20545
1985
18962
5552
4584
26007
25718
8673
24039
12586
29693
1569
32688
11450
8387
1543
31882
2725
5504
23203
15264
24182
27754
26160
4663
11908
12260
23195
14093
22907
29338
11600
10589
14139
8299
31792
2846
2981
14649
2253
2321
29747
3919
23237
27956
14053
18539
2191
13706
10401
8061
31634
24316
9226
25109
29718
11728
31887
12645
13102
23149
20824
10141
32421
22568
27168
2150
4267
4608
25880
26277
421
10401
15772
1429
9270
31907
378
18735
29342
2536
15409
24440
27751
14646
25412
16503
5674
28000
6071
19637
22361
19733
25237
29319
21860
27717
19322
32027
5704
1537
27539
9641
19796
7894
5979
325
31362
4005
22286
30266
12013
6175
18497
144
18191
22067
24748
6103
27478
31575
26891
6298
390
9146
22803
16483
20326
23624
20138
22489
6273
23865
1076
11830
1809
8093
11778
14618
3489
29883
18406
10674
7357
6775
15984
22110
23716
21396
29107
17875
30533
4092
16282
22202
27471
16608
26731
5462
1496
1553
4771
22800
20170
1525
21372
11083
26541
15117
3911
8705
15883
31902
6601
8888
868
14886
23914
11639
7937
22153
148
11334
27352
26510
30243
10163
493
3253
7474
26952
11818
26419
5345
26252
5425
5613
12699
28901
4925
12055
17478
689
23307
3443
20331
18110
15910
1585
17154
1225
20535
32670
6822
19439
274
25699
26830
31540
13375
24939
26830
26403
27454
24316
16885
353
9971
15907
17494
12552
11150
10563
4698
32051
29343
17670
25500
17273
23216
3512
32605
22955
11070
16188
9256
26997
15773
17341
30788
25322
10975
23373
28673
3334
21895
23895
22011
32240
17123
7911
9944
1378
750
2499
11123
25445
6466
2114
17707
21908
10266
30821
1667
9321
6691
7285
2561
27125
1521
22717
1154
17400
31371
28886
4078
2495
3222
8952
27371
10026
32051
20014
27925
20794
4213
9838
15296
24481
32652
30509
1308
12923
1748
3830
31742
8932
30416
9047
22668
4284
23441
20181
12184
21179
11678
6617
6788
2640
24241
1516
8795
13738
26962
15391
17787
18410
4869
2798
16684
2161
2959
5398
31315
10029
16688
1909
24388
10563
10132
4336
13652
28734
19110
1747
17592
18733
19876
29763
11906
13354
19896
12201
9173
11358
30273
29151
17339
1097
32288
4219
16196
24514
3341
2548
5460
4271
29945
18663
26574
9520
14940
16452
1192
640
17006
8204
13253
3332
18278
17775
21477
2592
3448
31751
24722
24661
15949
21374
7052
17691
10713
2529
18481
12919
21369
24413
6179
29764
17911
31792
27492
9477
13975
20286
10893
15414
7098
2082
17563
23097
1801
4927
24437
13719
3802
11805
14453
15729
32525
435
18911
28878
16241
15599
19694
26251
25605
12317
32411
4029
6714
10430
8333
19289
2904
27358
21430
31498
29150
235
8265
21102
30044
3806
15864
16657
28650
5641
23669
20522
20120
13375
17635
29021
22197
13086
19552
32623
8984
19493
15808
11455
357
13134
2989
19621
16308
3059
17927
17998
20192
5743
30855
2678
26991
12037
11577
13262
27778
5805
22922
14215
21501
15046
18905
5918
31518
7009
14683
20116
7249
13366
2230
7747
3904
31307
4270
12809
2720
16637
27200
13644
14100
15338
19670
8319
4468
13505
5908
20395
13090
9683
32194
7610
18627
17605
9419
21509
26636
6782
27619
19960
5549
12387
28681
5213
16001
20983
2396
5738
11270
3650
11469
28992
16843
7316
5737
27238
2322
21147
23416
30549
6782
9249
13226
11905
29941
16171
31645
21862
15181
4323
23058
30067
6073
13319
27269
31363
21350
27649
747
25963
9904
6953
23786
17487
27785
29662
6513
217
26604
53
29803
22786
14885
11129
21965
9650
4338
13981
11620
15481
22526
9172
4276
29572
3784
9231
8667
2762
4352
22338
516
11853
26817
1369
16882
10117
12677
23895
16834
29282
20616
12731
13002
11497
14002
6290
24298
13
6812
21136
16544
27215
6232
30874
29509
29378
31434
385
4055
10505
18117
27283
5130
15520
21170
17277
5814
17825
8925
10019
7262
7693
5416
6649
1400
16021
1276
30774
32338
31771
3154
14534
4505
7532
16599
9945
10421
10105
7574
8533
7040
4462
31187
21890
604
14883
32468
23297
25706
9370
12665
12005
29405
16380
22804
859
30193
30695
12317
5771
20088
21656
4560
10674
9021
11824
11269
15712
8259
26943
644
21695
27796
17793
29208
20058
15715
24299
18610
26285
3951
32042
32097
7685
14077
14888
24731
4893
1586
3978
19780
19138
21513
29352
17772
29089
9719
10129
31356
9253
17563
24723
28606
30556
4225
20650
3221
18877
25051
17692
356
1079
5161
12145
21241
12103
12142
7113
19012
27777
23004
18565
21533
27566
9544
14437
9507
26226
27731
32150
24143
17398
27053
10928
26031
4562
5273
26352
24916
11735
19797
19851
9
11549
1993
28243
14195
10874
24746
23071
22481
13280
27003
19717
21147
25609
19017
20725
24277
18465
15216
4758
25783
31130
9549
13306
4650
14987
16683
9251
11243
5224
25448
28028
11302
17298
22906
1721
14556
14838
25386
4842
29895
32547
6102
1802
26046
28921
16940
31273
24323
23923
19797
16450
2369
17599
9089
14217
15477
20130
12018
19409
17291
30629
13166
21731
9447
32348
26712
17497
22228
7826
8847
3806
18161
9754
18493
30324
3938
6123
27903
31550
31399
4124
18186
8309
1979
18162
31774
17380
31261
9147
3756
29695
8540
31512
6375
7266
4110
21939
2289
11981
26209
17770
27408
2903
11711
13172
23754
6108
11314
10922
13268
22991
18452
30667
21728
24971
4765
14526
28786
2475
29920
28317
10269
18535
5327
29712
30855
13540
3497
1008
15717
24939
28314
24637
479
1084
18801
22599
14988
23522
8637
19053
29484
4786
9106
32040
5604
28013
12366
2003
25167
25871
4960
22304
18603
2265
11728
3502
16326
14759
16248
5254
17725
949
5426
22412
29553
18489
15920
26822
22080
23778
13875
3128
20097
7857
12269
8662
6690
3121
5490
10111
15911
20279
18873
20333
18091
15286
19045
25212
26715
1897
14856
6421
23146
15961
27822
23962
24390
5340
21348
30945
18634
28610
25245
2245
23502
3910
1174
15825
11681
18493
31556
20745
27787
27224
25505
5940
32344
25706
18206
17072
24502
22533
32605
30628
31079
6726
3094
7197
24255
3412
18740
10526
11350
3128
26637
19166
2154
9875
9880
25344
27928
1236
7315
7287
8600
8435
32748
2945
29700
21431
26075
12102
30667
24243
531
28771
11221
25962
27728
12247
27793
17427
31728
30620
28244
28859
17401
16774
28179
25688
8932
25827
13349
4408
19222
27710
11181
16660
11869
11377
28592
14335
4083
20150
12398
18758
14231
19811
23286
10477
13762
7769
9427
25302
29651
30599
25371
7994
13967
6580
8276
18121
25835
23359
24735
7580
4110
16909
2873
30240
27399
27712
5601
11649
3436
22357
21576
5789
16795
25527
10077
3444
771
388
21982
14663
3335
28619
16990
29087
10869
4809
4337
25109
6424
16232
25864
12466
11612
9101
16734
8224
28769
5865
25537
27060
26905
8813
23464
14967
30875
22811
7827
8608
20718
1458
13032
27076
4802
11580
24421
5447
9147
4218
30714
28227
14719
7901
25762
29486
32235
5307
22356
28528
17387
7732
12699
22783
30204
4460
1918
8528
25658
23417
8718
29460
19085
14936
9427
28382
26387
16689
20348
10198
11306
8313
3168
19075
12609
31337
15234
31329
12158
21093
10377
3215
9800
1674
428
25543
30536
28860
4299
15964
14880
12102
17308
22065
779
28683
14140
25244
6489
31225
30795
16695
18941
16279
7049
31140
19908
12105
11346
25232
12599
27602
23855
25245
20164
17949
26725
24069
23827
13127
20777
558
22672
6378
22184
1671
14967
7447
9908
12606
9847
493
17631
24990
2598
3986
28464
29194
10174
1214
8028
330
17776
23258
19957
25696
9638
26966
13899
6933
12050
30433
32180
24538
13890
20261
16304
30906
16806
10520
12197
12068
6211
9145
30334
28485
16401
31506
32465
29910
17391
21349
15517
7639
20177
15788
1957
6708
31030
3798
24603
24485
9514
8591
22709
12193
17443
13026
19811
15876
21853
31451
6
16749
5420
19587
26761
6026
7452
16948
6034
11137
20527
2227
18202
18499
26212
23384
5780
8124
10227
30967
26661
813
9024
28551
11396
25331
31969
23018
27160
32464
21805
22071
397
6949
23688
2213
25488
18905
2611
25627
22389
5067
19018
24330
25152
3523
23242
8331
22811
8394
3039
9032
3930
11340
30968
5314
10593
21942
25304
6627
18295
6609
9842
21394
13377
22855
30164
23453
31135
24370
10652
24837
14125
8602
24078
8392
31160
27299
19421
16462
30622
18010
27626
1949
5953
1690
9494
32405
8950
26999
23918
4822
30259
19800
9523
30447
1435
13980
28236
2982
29774
1178
30052
20773
6505
23035
16304
6259
25837
10459
32352
31969
24614
32568
28044
15377
15918
30745
27184
8566
9542
18601
31453
27837
12665
23652
22479
10341
9558
21309
31224
15335
557
13841
22639
13361
14211
20216
12049
10519
22223
23880
28350
21104
21622
25808
20677
30056
21783
9223
31130
10717
9752
13531
22656
6500
6668
17605
998
20091
16781
14086
14111
2761
15052
28018
5826
16969
6475
19785
10681
32763
30512
13288
5242
3762
2002
15021
757
21274
747
25003
27026
7401
17688
27955
2122
25237
17343
23622
10541
5566
7033
18386
534
5874
15492
16751
10170
30096
3188
13269
13448
4960
18883
27971
9638
31626
32503
19094
28679
14435
11348
24173
3645
4954
19866
23263
12649
9347
22471
32114
31486
24510
27281
2140
9547
11520
13042
31925
9293
29117
28742
19761
30768
27987
16305
12304
4395
30691
12154
9811
20289
27378
22846
15911
6466
2694
15515
3756
5107
21574
32552
27542
27288
27154
5163
15073
17187
27190
11176
20369
23865
1143
18378
16796
16253
28800
12304
11078
13657
5858
11334
30640
8356
17655
21741
20440
12289
12685
17925
20312
16511
1417
7813
31859
13773
26842
5511
31344
2174
10009
175
9797
7144
29163
22249
6267
26288
19837
30553
5060
31510
14141
24062
30087
10709
4084
8307
15311
22935
29790
26636
4043
632
24389
25753
13891
12818
23678
6984
24732
18120
12220
32017
13156
3927
29966
10352
11399
31406
31198
6415
29332
32180
21683
4759
7205
26355
5842
1940
20329
8198
14441
6168
4389
25646
18450
21096
27085
12065
22211
27346
15351
12640
25535
15136
32565
14440
22114
5761
11887
10648
27604
20862
18700
29637
24425
5157
10944
22976
31194
10006
23974
1642
15541
13619
30873
15057
15700
2889
5227
20460
17450
16209
14683
14597
21612
17596
12316
20259
11024
19737
20986
20039
13978
30360
16684
28609
15501
890
32172
25895
15699
22634
26286
24305
24165
3510
30132
18577
19271
17851
19834
25109
29244
426
3383
28939
25574
20708
19758
13427
9538
16609
11477
4762
27667
5971
29025
28067
12664
2483
5320
12631
30600
14556
13263
8658
15948
8492
10983
32629
8130
8008
22347
14328
20812
1480
14215
11992
9865
7956
11502
597
21141
4188
21887
8817
28335
18941
10361
19203
2972
28829
5476
6755
2437
17844
1307
29011
10140
17181
17351
31470
31029
10029
20157
31959
18043
3498
14854
11022
21234
27634
12707
27526
621
5200
19068
15123
12403
2390
7584
15814
19438
10519
137
26339
27829
8409
17903
10274
7453
11409
2532
32091
11323
3166
10752
15716
19083
10820
8518
6472
27066
28171
15495
8534
21749
15925
22774
17903
28945
28125
7694
32663
27192
19562
4855
16134
29976
12559
32375
32139
22753
15277
5916
29906
17075
16706
29311
16741
5810
11826
32447
52
29333
19949
15430
17388
27516
28515
28438
15931
15225
21790
16947
26267
1175
4899
5466
31407
9091
11573
5373
17258
10766
16304
29872
29145
6854
5819
6070
29760
16420
12630
19254
31110
29953
21794
26168
2190
32351
21724
26755
18392
25659
13701
2172
16575
6034
12125
10158
21616
9037
25688
7560
30457
5351
29415
24548
6391
19841
29600
14652
26395
24672
1326
20612
20302
9999
4807
3733
13487
1753
21199
14829
10365
22075
212
2158
11073
21958
4049
13555
4257
4123
1025
13188
23929
32135
27852
28719
31572
1528
32625
30510
7180
7049
4863
27163
24252
25594
3565
7914
17746
26017
24983
22693
32288
7994
15317
24486
16862
11336
26475
17465
14574
14878
20349
22089
7409
21301
28466
28438
21183
7438
23146
6987
11202
3311
18881
20884
8833
27959
3022
9564
28377
10840
11088
21033
11720
28191
4807
1554
19774
30129
1249
32655
19698
29115
462
13271
10410
21937
4039
28514
11014
26504
20940
31949
10193
23412
27022
2642
25198
30248
4794
6712
12398
22855
4754
21837
736
28661
31125
30015
6165
18682
14024
17367
296
13377
26851
13461
26289
5828
25889
30413
24908
26942
12446
6056
19726
32028
3413
8543
15994
6331
23861
25838
1925
21318
29509
29339
27328
13243
31139
26450
1708
20801
9511
17736
20907
27900
23158
13313
32206
4133
5816
17987
32357
17706
26734
20106
31546
27058
20647
16582
15603
12220
2880
19069
7353
800
22994
5015
31754
20968
32604
11222
7240
1288
3985
21536
21648
4716
17073
19779
8702
23798
17602
25403
30310
24658
27147
18260
10327
6835
4503
7331
26141
7108
293
31095
4977
15952
14419
28377
14458
30866
31659
17534
19915
129
23129
11404
24703
24602
1978
259
10377
23687
19277
26159
18803
23644
23421
9161
9289
30858
21905
32070
19360
6845
14069
19785
13960
27591
3303
23138
3993
23821
18795
13850
16611
20729
15741
681
17946
8679
3285
19654
12477
6526
28894
11984
9744
8053
28507
4002
3478
16077
11006
17008
9114
11187
15054
28478
4403
1070
3907
21510
6910
14078
12974
26311
16856
10764
9247
4765
14016
16807
22536
18851
8377
7913
2883
8467
4744
23162
12929
865
29577
25718
17459
11461
5834
23538
6101
24846
4752
27525
13804
15934
8121
29239
13495
30832
12683
29665
1553
29159
18580
14944
6384
31129
20573
19008
28765
14090
7884
5598
17177
18933
19430
3738
31810
8275
26518
24656
17665
7629
11821
14220
28381
18797
12629
31793
21079
1084
23549
23501
7311
8162
27875
31258
25878
9493
13532
415
18399
9527
6811
1967
14740
19645
15361
6209
11739
14832
28124
21080
20770
22636
24161
21820
32604
12347
4774
4071
24940
12266
513
15782
711
32691
27152
25112
22852
12755
18293
7708
3064
7158
2602
28496
10076
10395
32206
15351
29603
7763
8569
27683
17321
14391
28284
19960
31678
21427
25792
15043
11179
3303
12133
14443
14279
17054
25632
10203
26443
11756
12259
2341
1318
12632
12580
25815
1
28094
10886
30969
23918
15369
17908
20603
24115
16862
31434
6013
27920
27361
2906
30881
14249
29975
364
11999
31055
28855
12585
21995
30840
16509
31645
8104
32346
30435
31414
2830
29518
21331
14928
13832
3816
16100
13504
27046
21194
6859
14068
1763
28543
6200
12455
18155
6651
24925
23374
7417
27298
25923
17487
19431
2024
11645
15682
30118
13308
14128
22191
12250
23545
2953
10033
14294
7870
27586
16012
32645
16761
11983
16927
16707
21647
11481
3784
8073
32007
8501
31179
20950
24843
26678
23186
32133
18766
21180
21748
14018
10386
11598
14538
4444
20198
2587
14224
32451
29570
129
16247
21726
27547
10917
25700
14978
30194
2197
11421
8164
22252
23024
19354
18729
22740
31677
1505
13290
499
18491
20012
24407
27093
16682
1916
3254
11010
15254
21195
22095
31384
26555
26763
11731
17249
14013
28735
2648
28953
22979
27535
20033
14030
22783
673
21927
26874
8504
14307
28030
5154
29072
664
620
20248
32061
29878
31052
17061
8076
30633
14273
11006
13059
23847
25397
23135
25769
12513
19418
9223
5606
28671
28873
29596
25152
4538
2384
14054
3803
28946
9676
12587
23225
21059
19338
9713
4405
31737
17678
22822
1713
8803
24720
14588
27398
8913
25997
23178
24803
5897
28027
18713
10960
31326
21129
15903
6763
3184
11871
14494
14061
8775
6651
19771
15121
11056
8476
27311
17983
7584
9020
29298
27028
14578
24056
5981
31151
2041
12883
11248
20025
22896
1488
15112
25919
16732
12784
21038
28927
15577
5212
27633
22626
11445
19896
8734
4984
2420
29209
30871
20935
2764
3018
13105
10345
18581
20691
2890
26897
14285
13980
31856
24474
9102
28920
30366
7958
7643
28785
25111
12492
30156
28878
2070
31489
11866
23335
4240
4233
13031
13646
21106
1909
22823
22242
19842
14720
15432
25819
16939
20343
15407
2478
15626
14077
26634
14696
12592
4645
30356
12199
10537
600
975
11350
1634
19833
6026
14048
30546
28319
24201
15248
4461
20877
10577
21695
28976
20213
22146
13197
6844
31254
31889
19000
28968
18519
2919
18018
28514
15927
22225
25238
10996
17467
10342
1912
3015
1646
27358
29347
21767
5947
32618
10145
4359
7576
11430
1425
13524
31685
2457
14861
29554
923
25652
19360
17575
3341
29035
26418
11665
18747
3274
16400
5501
1934
17469
13349
1758
395
29787
24034
27074
6556
3082
4156
7531
4549
24165
22634
23417
3177
823
23903
10476
27903
8288
13315
20877
13832
8887
25645
8617
2962
21354
11344
25679
9255
20866
22148
16947
17440
12244
15031
31805
18920
15836
997
31508
15240
8663
31868
2643
7578
6638
31937
12284
9019
17099
27372
26572
21780
16730
16386
7995
5122
18738
4570
8910
14661
3330
8678
14666
20033
13373
22789
5233
19907
28523
9375
29764
19792
26211
6685
15989
8984
22437
13261
30903
28041
1178
17161
20446
6087
24143
29060
25218
32661
27081
26046
25160
8265
16093
23619
20742
4252
16340
5357
9722
4479
19952
6304
27708
9752
15418
13596
6118
16139
3467
29924
23605
30141
444
31663
16680
26398
8752
17197
27365
6617
8186
31507
25847
22593
27848
24472
7077
9254
23207
20910
7698
29642
8857
15859
14949
1008
23587
8558
4082
11418
1403
7656
7599
368
858
20930
25947
29873
24031
1980
28019
29086
23992
2920
8305
8155
5247
25682
2543
32289
29199
30557
15877
30083
8864
29038
16750
23973
14285
18759
10171
6805
22335
17459
14748
31665
18223
8070
23041
10681
25028
24624
11436
8913
28014
8259
19424
15179
2282
22448
11154
7438
10192
27687
14753
10057
29646
11533
29650
11790
25981
4903
838
1691
25751
9858
27856
3751
12382
6191
4217
16958
18648
1525
20447
24572
19201
21354
29332
8550
24502
20633
9831
29467
11501
13108
19885
20284
11556
16966
16303
18705
15436
21045
20760
14228
32352
2766
8452
21741
18066
15291
7780
29670
23855
5268
14980
20645
12021
3237
31897
29229
1586
31561
9967
16753
4156
30819
27672
25779
22564
31906
8868
684
16226
4197
30430
3232
5903
101
15207
2028
13598
7405
17267
22681
17134
13586
23892
3774
2978
31394
19987
29212
11281
18166
2197
15525
12448
12670
30780
32687
26030
19530
16962
16568
7559
19087
9959
12456
1209
13986
27230
4365
9865
17041
6839
3026
25715
30801
16910
28562
10688
10895
24468
17388
30641
21566
30104
4523
7649
22369
24767
25172
8604
12532
4575
1538
19339
20130
19464
30262
9300
9829
27240
11865
9037
16485
28365
9073
1463
413
5891
31193
28386
22036
1897
14744
32015
592
31925
3123
15860
9172
28076
5162
11566
24420
30375
9847
971
15120
22929
2813
4399
18699
15991
11685
29064
21075
2980
22798
31695
32189
10805
19526
16485
24844
4309
27131
9425
24669
13873
29381
5933
20937
5957
3604
29880
32411
12638
13183
31672
9982
14869
22042
30621
13994
7353
25931
20903
32184
27092
11938
19968
13135
10111
8901
29553
11432
31474
27095
32708
18664
10600
18636
9597
1330
14090
14342
13889
13822
27747
6709
23769
19702
24411
5638
8331
16545
21511
29462
32580
2738
31267
19597
26814
14181
6143
14187
11169
7994
18693
5871
17939
18273
20417
22700
22709
11479
6540
1203
8649
23847
28363
30820
11860
21976
1497
17841
7932
30979
30936
20531
31756
6188
6127
8368
13102
28381
4519
13555
29844
22057
26721
26962
21277
15289
15059
20571
20521
27573
25787
23410
22824
3025
2040
20789
17823
6841
10497
15019
22342
3202
21283
22262
25360
21541
5721
1787
9326
29679
3071
22980
31902
10003
3932
4295
14690
29072
27814
9472
26756
28552
1545
32433
28417
22225
29792
6017
18755
808
30767
12100
15353
3754
27563
30826
13481
25931
19406
2116
19756
25063
10297
3837
21695
1947
5553
20046
2470
15536
26951
24169
7028
5866
4023
3230
1620
6969
4612
1400
13144
10371
26314
12814
27982
19437
21299
31268
6667
6126
26008
32301
23205
12014
15543
16658
16752
19196
4189
3781
22251
2877
32179
7125
4574
25315
20062
19023
13208
1267
4483
26923
15618
28558
2407
5022
2910
31782
28748
17719
27250
3678
31210
11565
14266
18243
11540
10453
324
25946
10067
26441
4921
12717
6827
2500
24226
5690
27160
31405
4958
16789
28501
26799
32228
22256
23227
23730
30430
4964
14903
19852
23868
27493
1520
30090
29503
32138
16515
6689
11400
20452
18230
32260
22130
5350
10817
24913
14834
24791
5113
24442
5800
5326
4732
20805
14169
24552
12149
32082
14001
23763
18506
6153
13000
11189
11176
32622
11165
11336
31026
2151
30409
18894
5699
24961
5700
4622
699
26129
1354
27157
22260
26183
5864
7211
4439
8675
4277
5547
20752
4390
769
23518
3551
18803
18040
20122
9938
25497
32033
13444
1764
13001
19085
12766
2733
5843
8166
22944
18658
5657
3700
12065
25910
133
18483
16273
28873
16720
16984
23150
5470
8240
20094
28419
28036
8854
21228
25243
24017
6170
11073
25125
11540
20585
17752
24106
24226
10138
11527
30563
14347
11800
23490
26434
29231
2469
31362
18603
6738
8042
3541
29422
12395
30314
18724
8609
9142
9012
18897
131
25195
12742
4456
3785
29483
22023
15761
9014
25483
123
14025
2825
13095
9126
2762
5845
7590
20930
23117
17161
12591
10317
9876
29228
21033
16247
29390
27769
19602
17810
6750
16932
32617
7228
728
31990
21700
11434
31815
28885
21878
4463
23099
2475
30835
6258
10262
960
2493
5017
26110
19743
27404
492
26708
1268
24524
3446
25091
111
7693
5137
15874
6912
27969
32325
12073
30916
13152
1955
9888
1236
21728
29791
25977
10228
19125
1116
29749
6844
20065
32095
17027
32073
30494
29484
32547
84
25686
891
18827
6529
16875
30620
17276
8932
26300
31557
15425
11058
8796
3341
8477
6185
31778
14623
20162
30421
29983
4238
5102
6601
6686
29691
11082
22186
2662
22825
27691
20637
8701
14120
27106
8284
9949
8128
6049
9228
22158
9156
18557
12758
3327
29773
12969
17061
12629
32560
30843
9601
2705
22650
29854
29900
21502
1644
17088
31487
15332
19630
30543
4622
375
26106
15316
403
10717
15485
26498
16148
28292
22358
4945
21818
31294
16514
18182
7736
3861
28138
22282
8493
14286
2324
22579
6535
6266
13521
17129
4714
3022
9037
13904
26420
11590
8927
5819
4476
13135
13567
28668
14392
3868
17426
17068
31831
31146
17101
16063
12022
22794
17007
10860
28602
21680
8384
30982
20797
12034
25754
3969
9944
2199
19710
25930
10261
9683
31507
27607
9889
26659
132
2122
25570
17314
256
18575
25142
28232
23564
17708
8670
18794
2094
18077
5682
1344
29657
677
21154
19134
9633
6194
22837
26098
8268
14505
14991
11590
9570
6747
31141
5047
4162
7978
15537
12767
29048
21803
5837
5445
13563
7590
16454
23376
14182
21174
28270
12084
23861
1909
12356
27276
26827
6076
1422
24569
11268
2573
10096
21312
14945
30506
4301
11575
9640
29447
9605
5345
27144
25740
30219
1027
12426
29796
1183
9953
9608
16642
10119
21955
15766
24967
1357
11484
31657
13391
29493
24653
883
9523
27329
26456
25465
19444
23165
26308
2212
9172
24518
6628
2776
14199
10300
15098
10899
29240
4634
5131
13973
6157
22112
23040
5251
19093
18493
29200
15024
20091
4238
10200
1348
28909
13503
7147
12017
9213
27797
18951
12775
29601
29785
19245
16770
2210
5183
31563
10285
19527
1188
25231
24382
12066
1825
11384
11070
18202
8150
19414
8547
11480
13961
7017
15059
7470
601
24365
21134
9833
5456
26807
8460
25479
24816
169
30637
19452
18533
330
29987
429
16780
28471
17659
25675
16404
1112
24425
8706
26770
9137
21948
26343
4154
4836
31521
28767
3010
4203
6610
21252
20891
17479
19110
6624
32473
30084
24776
17788
10165
1802
18924
18091
10969
13291
21791
11718
32341
23376
9631
12340
29186
5359
7890
13386
17148
22910
808
4106
13616
6123
1076
18411
18937
19358
7835
10451
1216
5600
19270
14094
10277
20876
24600
29735
29926
19184
1790
19038
15815
11053
26293
6639
26204
27048
22187
16431
3013
1652
459
2336
18631
22927
5843
13334
27666
26039
8718
1199
16076
31947
17119
25661
7600
11977
11379
20475
16625
22485
11759
20613
794
19596
15581
2545
22098
18258
4452
27250
533
29641
11956
288
7605
8378
13464
3010
19005
5513
30177
17931
8522
8210
15606
847
28467
13959
4334
15235
28897
31982
6464
1337
4411
32153
31416
30160
24621
24725
11190
29290
12385
32409
11342
25037
30606
21044
3692
6546
6105
17766
0
8937
19365
32215
778
9475
16851
14515
7224
24653
10966
31517
31735
18173
19222
13491
11800
23820
31598
19677
29472
3138
4890
23101
8698
22389
29916
18413
29313
6319
23674
1004
15383
22112
29618
27572
11403
752
10001
10608
6994
21352
29671
1459
30918
13212
26782
2367
15243
19623
7135
27294
24509
9132
8768
28125
4600
32552
14799
32216
10205
24569
10535
28851
9073
29852
24307
23189
19125
26219
16596
22183
15637
20719
8765
29796
719
2910
29228
29245
15314
4421
9284
11073
27381
20370
14543
24432
715
4661
6813
117
12533
28375
13480
17764
20966
1883
14117
8500
11141
30614
17574
6097
30785
19811
24301
18078
27494
6500
12521
24764
31665
27648
12830
31272
5798
16140
23610
9362
7510
22188
4937
22205
17509
28740
8018
3569
7824
23660
24936
11757
27066
30533
30668
12631
27244
8921
10129
27108
7451
5840
24785
1669
21451
25816
18261
28641
14863
21925
29108
7830
10203
16779
11706
12699
27565
23163
29771
16631
25262
23428
31313
1849
24219
26243
20285
27682
28736
15447
13383
30818
7661
29265
26389
16512
14519
20827
19785
10296
14093
392
16811
30919
7802
13110
26333
23589
24265
88
19649
23423
9783
7878
7977
32715
6799
20937
10612
8446
20881
18733
1491
2412
23994
11191
10647
15707
23927
26063
19120
6750
28170
32155
27716
2327
27414
14869
27657
26962
21299
29831
6463
17378
32014
29193
28830
25416
26061
13455
13989
26990
27457
7096
31834
17768
2354
25148
218
16209
3119
13324
13617
83
29528
24528
3102
19406
5424
10120
10417
14493
9231
545
29096
27703
28052
22251
8762
25371
11783
5247
25580
23776
8338
11414
29202
11101
6367
2698
17243
16495
3204
23208
27796
18045
30472
28212
13610
12655
12023
31225
2846
12046
29925
14748
32016
20688
21953
19503
22423
17004
5097
23423
7496
14729
8729
22079
1795
13069
28641
16382
999
27848
24280
31367
27696
3165
21659
22034
24978
5189
1624
7885
18177
23455
17369
9805
13521
11691
29001
15773
19652
3114
25451
25317
31002
22849
31908
7841
6221
8346
11062
15207
7838
26155
23966
20369
4333
22941
11519
14611
20091
11879
11408
17895
29631
22254
29102
460
12338
26391
26820
14770
12934
22626
20604
11395
31294
12548
10583
26207
3065
20099
15604
23402
25990
24642
21738
11134
13665
17483
28346
11785
9133
31148
12185
9281
20923
27913
7785
20081
6568
14518
30190
6625
8562
3334
19934
28173
18278
22489
14795
28198
18130
25020
14525
15719
22907
26198
26389
22661
23569
1678
1112
2378
2339
4648
22575
15447
5694
25556
13376
8811
25549
416
26551
28739
29526
17948
3942
10225
561
9793
6258
11134
12757
29156
728
24189
9264
27362
27326
3346
30449
1277
20979
28799
19108
1893
21861
2080
12861
27858
10385
7807
21544
16742
15538
3780
4014
14276
29083
19876
2010
19163
8834
16728
20829
879
9964
4044
17395
14704
13651
5652
21499
18085
6239
12755
13237
23091
26980
452
16639
21343
23881
4640
9687
4215
12876
29632
3860
6112
13944
11157
26567
27000
5255
23774
7083
11846
16013
22427
16308
32311
5375
6563
17135
30685
366
3278
19282
7000
23386
19374
21275
21045
23458
15558
15286
36
1141
18089
18179
15768
26025
24383
30699
15068
28656
13034
29169
19799
26452
29239
11399
9083
3001
24043
11110
32549
6964
4303
11246
16679
13627
31075
29195
31976
15042
17047
7659
22401
2853
426
3616
10469
28511
2827
11653
7363
248
30016
4961
27737
2104
26617
13183
8127
30463
1427
18547
12302
2466
4488
15795
27979
9092
3130
21454
14650
24649
91
13415
3877
6765
3964
24285
15196
21738
9158
25783
27490
16618
28027
32087
13918
1322
20484
29329
19164
20153
6353
25814
15325
1692
10650
30772
16408
17107
23359
9414
1059
16642
9781
1315
2690
11264
25842
10628
28416
10068
7497
31382
26352
21660
31449
5642
6808
12751
25878
21012
31420
1578
21848
21702
20826
8426
12256
29975
30768
23571
729
19170
26310
2834
7761
1638
17437
10273
15777
14066
9475
11995
1246
11302
4240
14829
13355
8938
19953
15327
28545
16884
20210
9746
1531
23275
9241
9108
31301
1865
5216
21332
29300
26207
7822
8019
22548
9771
888
25823
6550
7986
10731
9263
22219
31952
6324
5226
30304
20733
14619
20647
14669
11004
10250
542
21991
257
3887
1631
9213
3105
3208
21898
5634
11390
8814
2880
18153
7861
8080
30959
18865
20575
18005
13479
7091
18456
25768
8091
20252
4408
4113
29565
19230
24902
25629
23261
3206
2821
11107
12415
6651
19616
20252
22445
28116
14541
20990
22130
6697
18389
15278
21598
14693
25774
31634
20024
28349
31312
30747
31635
15472
1547
30145
59
20159
613
1213
21387
7545
10869
2221
25707
31227
31378
11179
8918
21404
30491
16309
17192
10863
14658
29743
29890
11287
20199
22954
1103
13416
14327
27694
506
29471
19582
12269
5224
26496
14755
16511
1015
3890
30760
23448
31880
1937
7787
9349
27786
11193
11508
9587
25143
16531
13660
24970
29959
28486
11210
7204
7571
18398
32499
10906
5935
18223
11740
292
1249
1546
21320
21462
15743
13403
32231
1577
12385
30078
26187
2205
8617
10512
32526
20030
32273
13669
18883
20394
20171
11112
26143
12333
2267
12000
8246
29082
26396
14150
29206
11334
27830
19689
3422
28116
16216
19082
25497
6218
17408
8839
28196
14254
19401
16711
28824
21432
5220
22748
2291
13580
21387
6196
23134
3113
6623
21720
21960
32131
26263
29908
10330
1435
14201
3792
21862
26424
24529
14450
4567
22971
18913
8787
12658
196
25570
24703
200
26968
27968
15859
19338
1211
12900
4617
12135
13009
3845
21153
1025
13459
29401
13471
3336
17832
20392
26864
7684
20535
4070
31468
22640
32450
10401
11256
17420
10406
22487
14671
15778
12868
19362
12492
28484
32500
172
21129
21437
21637
9975
18792
869
11448
14535
13916
4605
6536
30433
24398
7690
19018
28838
22143
20535
30933
5610
4023
3682
26837
19309
9250
25513
6790
6852
31545
10201
25651
10611
28234
3774
3917
12660
4110
18053
8925
30966
8203
3888
19816
11883
18250
2013
4179
4258
6135
6826
20887
24833
19831
744
1165
489
15909
17393
8909
2601
26221
14279
11220
9750
9512
16924
29626
1724
26425
28440
12853
3949
3786
9095
12968
26761
22705
1656
26888
13526
30235
2459
23221
28838
31618
13821
17637
15040
24286
25508
30455
30314
18589
30878
2457
18559
26488
20071
31994
20551
4810
17444
26023
30791
18423
1821
19772
27910
23996
959
11128
1725
2267
8164
27556
9788
25413
27271
30105
22923
2285
11944
29583
26787
19142
27317
22382
18483
26393
29111
23550
22515
27287
5645
26876
10827
20337
18875
26089
29345
32334
2842
32711
13970
198
5027
24361
13232
13178
17618
22401
3199
2060
5083
21710
31942
26389
22206
32001
11159
415
11311
32142
17812
11349
11851
7356
9723
13281
21085
11307
372
17467
8015
7254
7147
11195
14400
20382
22523
26389
22978
1209
15341
269
16624
8750
6387
13369
23696
19162
704
12059
22287
14473
32255
15084
2470
13127
22369
19779
16048
16209
3146
11456
16703
20298
12270
31399
2667
18084
5601
12658
31756
16398
11928
22324
18182
32560
32700
16222
29801
28165
20090
31393
6952
11529
31069
6645
20953
21436
9510
13387
663
9712
30074
24231
28605
11256
32428
1326
15248
3673
18121
3383
22573
7318
31923
5072
30485
13445
18914
28010
30564
5194
11784
28014
10186
3253
27434
27046
14118
26826
25142
32092
24820
21867
10651
10445
1853
23405
4063
16050
27434
28752
13770
3449
23198
31032
8977
19927
4362
32718
20764
25234
9231
2336
26572
16522
32306
19365
30025
14023
29770
23751
17866
28544
29401
15474
13498
26927
22277
23984
10018
1479
1889
8692
21052
4637
31434
5991
17688
27949
21128
4077
19803
28473
20603
31021
18486
29472
23405
6823
31718
29691
13484
17317
10652
31295
6890
5982
27472
32735
14354
21357
26233
19083
5737
1620
11286
30203
28845
15822
25857
29038
4979
4821
4970
17414
9640
32146
10936
21047
24414
18429
26567
1140
12903
15272
28664
16797
19408
30318
2509
6335
32328
19521
1367
21298
9178
6425
4015
31607
2613
21582
5853
15137
10238
24203
20787
6509
29992
26552
5566
8384
25076
1846
8699
5116
13963
7717
17548
32419
7750
15281
15586
25023
1594
1211
15898
31102
4985
15588
22909
16298
980
595
18072
29680
20467
1343
14358
78
8338
11523
17421
31451
6662
14513
4782
13214
8439
1659
7320
25299
21072
11773
1290
15
14093
27823
11246
18102
6144
1529
15791
25181
8015
17163
18847
13765
25011
22365
27276
16883
22156
22656
4335
24952
23499
3475
32510
1922
9150
14899
15204
25622
10830
8676
16660
11136
9197
19560
5136
30902
20008
28764
22879
10678
10407
9116
10104
22612
12957
14447
11773
2910
30300
19297
4653
27323
23515
12070
14256
19572
7324
27107
22184
25666
26611
15742
26170
15829
4740
23358
30600
12818
3431
9259
22066
7483
21881
7256
8545
10877
6649
27105
2287
13893
5675
3602
1722
17517
6164
32564
23665
7958
3147
11906
7439
31168
27748
14154
4450
2233
29480
28580
13778
5344
13774
6373
6368
25080
3017
22645
13503
12143
27997
7485
26591
13660
30598
12436
28591
31477
8654
2340
29770
32739
26645
2688
4120
14128
23346
22561
6859
12834
11700
13417
2689
25221
11808
30093
13807
9752
11584
6163
13053
19344
9868
29861
16301
8193
29192
5795
30146
18667
32673
24278
22629
7977
29780
29132
16110
17424
8831
28453
6328
3856
6735
3498
17817
4062
29882
2849
32127
22757
18758
24957
5655
29598
11846
13425
6719
30434
9468
15632
15210
24531
27319
18083
5876
9354
8637
20035
22594
3750
29750
15608
25713
1172
14065
25112
21031
19742
16911
9108
32077
27105
3593
19956
32188
30551
16437
4313
28850
26526
24162
16487
1282
25879
32619
3148
7662
8337
21035
9516
13185
14201
16761
8849
8400
25180
13587
15319
21403
13376
30435
30693
30770
20560
311
8145
8879
24015
5440
28575
19647
15465
18732
3042
25162
14090
20082
25091
29208
8891
21843
29746
21232
14837
17787
13763
26720
8931
7452
28062
25192
25012
19853
4407
26500
12587
14386
2007
29397
15105
25521
10525
3269
30970
13840
4696
31843
7881
25707
23253
6051
1982
30221
27992
1687
25772
8614
21223
31976
2002
7154
31782
22949
15445
19506
1073
2792
22470
24792
13942
15087
29905
915
25809
5922
4309
12537
28401
17065
665
23313
28529
15433
897
12760
11247
1192
31398
21540
18726
31568
26373
18831
27977
12866
14194
30048
15177
2895
15636
17861
22067
31287
24319
32645
8150
23638
18241
13578
30641
11723
16331
189
7909
2493
3351
6416
14245
32322
20522
7773
12774
5385
23475
2162
12792
19222
12286
28489
28531
12825
17332
11578
29229
4173
21407
11123
14958
20224
11891
11026
26747
2365
9379
8932
27997
20043
26948
4676
21456
12872
21201
19475
7625
5850
510
30977
2446
31527
598
9405
17754
28193
5452
3468
13792
14587
9223
6191
1448
5652
17787
17774
26324
14044
19602
8862
27937
14648
22685
31840
17571
19320
2367
22850
17557
16188
7552
24749
15859
26184
22979
25853
23706
21537
31143
2211
9728
6797
29720
8264
8847
12572
16902
29085
7402
29806
4757
5631
14665
10289
24949
7434
6770
21269
24089
28605
4006
13643
2556
13962
25634
18901
4979
6007
16841
6752
18057
966
655
7329
16199
10102
25081
23983
22757
22309
25257
25318
14932
32478
22304
16080
4322
15348
11977
21854
17986
23526
5509
9902
14907
21485
6066
22799
15676
19128
5169
18919
32722
25024
18624
26338
14962
20027
18368
15089
22835
16676
23191
9827
229
24574
28784
26280
18286
24370
30452
18012
8125
20270
11778
19165
4585
1268
31782
24776
4979
8545
2633
30170
29298
24946
20353
23925
28205
31006
18075
15891
10469
2717
28239
25413
27495
469
27991
12733
17559
16125
32162
19360
7144
17673
4207
9660
32213
31762
15271
10499
14024
18222
26840
3526
28713
23668
8196
3890
15819
1997
29348
6067
5008
9346
30623
10664
6030
7047
5546
8776
23392
17096
4342
15619
27417
23203
21902
6522
13892
19040
7339
15240
32208
2768
32101
13783
22810
29116
12066
7433
31041
21975
25402
10991
358
2607
14510
31430
428
8732
11292
13091
26249
26131
10277
17445
5562
5736
18037
24842
1232
8689
10136
12757
13616
3124
18575
66
6749
11310
9584
2789
1159
3936
13762
32434
7200
21836
12954
20321
17688
26943
545
4966
22801
13807
10117
17426
13581
1884
23531
28838
28042
17103
29125
31420
29501
1621
1093
6331
26765
14876
9470
28290
16040
19928
20128
17926
32181
6693
6985
826
31876
2308
2983
23139
15516
19276
5410
3751
6755
8188
4847
24040
21492
2687
15240
15007
26962
16041
28166
8707
12060
3852
11526
9077
10928
16443
15318
3288
23278
23739
11469
26022
18661
27029
30272
14816
31504
31548
26834
1261
10900
3120
19690
14633
20900
16866
3175
3263
10935
30983
26353
8682
23949
7697
7813
1208
28513
2434
31099
11527
30066
16961
32669
27948
9955
17994
29586
10397
2991
25257
602
15701
15960
12370
10369
408
18849
11793
7061
1194
30022
26325
31199
31132
7998
23324
14554
6096
2239
28518
26279
9444
14821
13547
24635
31666
4090
10096
271
22254
24980
6612
26182
9758
8158
25449
12706
10961
10995
27293
2511
11856
23261
7404
31623
10855
3460
142
9949
19571
21751
29567
18428
13732
31559
20126
13203
15494
8592
4927
25649
10792
20250
28118
11946
23562
13747
22468
9519
3582
22723
9066
13277
8456
17957
26162
6009
17039
32575
11417
4194
21301
25237
30758
10848
9191
22925
24119
3185
28610
29942
25837
11859
30164
2276
2083
27442
30640
7824
23901
17631
12563
13624
8708
31998
21445
21074
16062
28021
23027
32709
3821
9461
11742
3359
11122
26256
21894
11538
17151
4634
15269
27922
24743
6462
30360
5864
5317
23885
3914
32745
22388
20306
23248
19907
3728
13150
13467
21648
30638
32383
31586
4641
31853
6643
28579
31212
8377
8746
19195
31971
24828
6566
391
30192
6978
16324
9330
23971
9216
11655
17877
16664
21976
2474
14430
19239
15896
23649
13865
3768
10016
31054
18544
25420
26334
14875
2106
16144
25279
18098
4506
22810
60
8066
28124
14723
30921
32456
8494
29453
7069
6154
25173
1496
21591
24292
6658
22336
447
24156
2966
21112
28411
29448
19859
5748
22438
2505
16028
7818
8848
19646
32300
8533
2942
9629
4401
29412
30499
23113
8681
4314
10067
27137
13330
20059
29560
2363
14171
31025
20494
30390
25468
3408
19813
23584
28881
28868
12273
18544
27424
16659
32713
16310
101
16371
3667
3524
1276
24819
17954
1913
25610
1819
22486
26438
19299
11851
26682
217
28297
13570
13627
23053
25676
29759
8482
5222
27763
8820
7711
21605
23614
17203
2760
32215
1432
3445
18830
12345
12295
24745
14403
3390
6953
27052
21869
15785
26694
32425
14807
30313
11266
24551
308
11574
3510
458
18688
31664
5198
14484
16674
15917
16902
26686
31226
24020
12795
6549
17114
10017
11131
25152
784
24712
20769
27986
25209
12769
25955
5436
25597
16064
31998
14320
4219
16630
5850
27216
21467
2491
12790
15280
17360
16423
28057
31390
27367
6514
15760
30232
31896
10422
3910
29939
18766
20454
13493
2121
11045
20404
25859
32746
14065
21959
8296
22264
31263
12190
21520
12012
25857
32126
32717
12806
24835
19062
25617
14589
17819
1649
12524
10188
3385
22562
22169
6476
32597
26946
9376
20745
30276
4652
13657
15188
14010
11321
967
17870
31482
420
3791
27255
26385
21576
27284
29511
29579
26202
27982
29211
6973
27888
21406
19996
13863
2991
20868
24548
9636
22611
2171
27197
27651
26398
6616
31017
13054
3440
27246
8207
31267
13935
32443
22600
890
2079
19591
22512
31227
1039
8752
11986
32350
9889
15700
4301
17633
24343
10446
14544
8399
17045
5490
13837
23909
18487
24982
23871
952
811
15910
31004
29592
11242
18784
4012
1282
9327
12874
17426
19627
6304
28482
511
12326
23060
416
28620
32518
12098
15674
31248
21489
17237
22955
2461
16626
3296
710
13751
20690
18275
30359
32637
6665
30910
8366
16371
2436
28105
29130
22788
26147
8954
473
6021
24339
7065
5325
22364
379
3115
9869
12546
18676
24902
25292
4335
24369
11047
11415
3422
15742
30413
12489
12055
23046
31768
13567
10379
2055
19482
30089
18321
13339
2934
7333
18523
4187
7304
25145
20804
26680
3458
4220
1302
8987
488
22895
12427
16083
22557
1507
12254
23328
20750
7410
5445
17130
17290
23113
5268
20538
23317
3677
11154
23046
27274
24263
11662
1762
32105
17510
9515
602
4496
15386
7385
14206
28805
964
30591
30708
29399
8155
7016
4306
7967
24707
30130
10256
32712
23818
1872
13034
29770
21815
14251
1668
2908
2608
8850
20804
8233
1444
12268
19807
15205
15627
20415
16586
23686
164
13713
2122
32305
3451
15413
3122
27303
12670
8253
18497
20516
13536
32079
32238
26748
274
31719
17591
1371
24949
30776
21847
4295
16652
17888
16264
11093
2759
18546
2608
11189
17125
28934
27872
9080
31134
19825
2649
5401
25388
943
3970
15872
14141
21722
999
22776
10425
11495
3983
18315
9999
8881
28009
23375
20583
23594
1872
23400
26130
32390
17429
1160
20907
21956
21653
15562
15492
19056
23054
1793
29600
14734
20792
1161
29203
1606
8145
8695
842
4266
21100
235
26914
22922
10166
22101
14782
16101
25753
19539
12432
5709
17159
13775
29822
15845
9621
7390
26090
5382
30871
17323
12275
12817
10251
9475
17265
263
9131
30506
9388
26210
32525
19660
10800
28687
3259
3401
26356
15369
9615
2991
23811
4760
28349
22948
18687
12669
22309
25501
4200
17942
2776
13364
5205
31635
13974
24084
14066
864
23651
2559
8173
13234
15072
25902
1054
28623
9318
717
2351
9612
15390
31634
31683
3249
26082
260
22777
7622
28955
27048
17485
16155
18257
25656
21666
547
29867
11711
30150
30910
18570
8410
28000
2877
5394
28263
21501
20364
17666
22262
29718
8966
14505
8919
6441
11012
21759
22479
9676
11329
3975
4317
17541
15558
15819
2410
22002
23256
18991
1326
15035
2204
5119
28911
813
23140
31924
12319
26005
18019
21430
8474
2047
16326
1309
24034
30409
23510
32298
13538
10977
15863
16569
21218
9342
27636
2823
7207
6327
14000
15336
20567
8641
17346
6827
32738
8211
28926
23067
24326
11072
15213
17964
7802
5662
26696
6086
2687
29797
26408
16125
12724
26001
27101
23414
27414
18820
10328
22230
20117
23673
15809
9821
18574
4303
24857
284
30276
8609
1470
14864
13077
30932
18670
14541
27635
18231
13994
8808
13102
14868
9186
26661
5789
20795
20872
32602
19284
21616
18226
17033
1907
14628
4845
25146
8639
18354
14323
2634
18337
14919
18984
22611
1720
23530
8037
31369
4256
7709
24281
11130
10083
32606
4621
26565
32243
31014
3115
12458
12727
5285
9557
19329
24387
23138
5089
17199
25031
10400
31320
26453
13367
14810
26956
11083
1233
889
14214
28071
7091
23437
25440
4086
14360
19835
6185
22835
28020
13544
8419
27991
7912
24804
28431
26793
3261
140
4836
4934
6608
22653
16834
31381
94
16609
17394
32282
5581
5179
29212
22377
26210
27608
29132
20315
3073
13722
14327
29883
31245
16451
3073
19933
13566
14040
30093
21538
16523
2489
6432
21847
3769
15110
9443
29085
18592
18382
32224
12135
24443
19598
18128
16016
10003
31903
27797
19869
9671
31798
28719
29295
12638
15964
16183
27668
16857
17477
17920
20511
16785
24932
12530
2038
29404
6013
17823
6300
29725
29056
12737
16109
28331
15148
1580
697
29730
8148
27377
13101
5936
31152
27390
27893
28984
16629
15663
13412
14587
4500
17235
10006
24719
1174
24645
10997
3219
10387
3168
16754
27403
31869
7293
28830
18725
27620
29889
25767
12900
31909
25410
23337
646
32751
26698
29953
25487
2433
17665
257
1440
1565
1664
3731
31643
18962
10462
9808
3341
5995
18372
16000
204
3024
16327
24850
3709
31554
1562
26917
18111
24526
6288
27522
27761
15558
4910
23564
23995
21312
23816
31280
9009
17038
8051
30011
20102
25314
12135
24494
21056
5344
9880
25991
10732
5345
706
26078
1297
26537
24198
30042
10894
2597
23757
13173
1887
15177
28203
5717
24309
32760
9458
14365
16889
24673
21896
9012
23673
20717
13331
27206
28189
25967
382
5561
588
1995
24146
3108
16242
30233
514
29006
29467
17750
19048
14474
17917
9566
29368
27319
15315
29052
9963
14046
1735
3929
16483
31379
28446
14692
1584
30362
21308
19948
24623
1671
18877
29998
25307
28899
30649
23093
28651
3009
32469
10450
16657
31188
28511
6311
14025
28790
7480
3005
30503
32592
3941
24027
4588
16621
23609
17654
8608
23108
19073
12206
2280
30766
12980
1965
4876
9298
21707
857
8643
18132
11451
29106
3819
2705
29031
31649
20962
8108
29404
28931
18746
21583
17417
29341
26976
21267
23180
23764
9770
28081
22370
11882
801
3237
32303
3811
5624
207
22108
4052
19610
19116
5593
13289
25310
6875
22570
24528
4095
21085
11735
9334
4165
26685
11284
7310
25068
3505
299
26883
3385
18623
8393
3273
4219
16959
2393
911
18412
4888
17495
28560
6294
23520
62
12276
25093
5187
28559
18591
3553
2421
124
7188
13046
22157
7469
10182
574
3308
11984
2696
2005
26650
19068
17413
20196
11850
19699
16244
7925
9448
7521
28928
27943
25548
12331
11180
27941
19667
23294
10810
2204
27792
943
12351
13185
4086
8733
30452
23566
27207
244
29055
6296
30148
27424
15212
19630
28223
12509
18393
10035
19259
17251
26493
4627
18765
6408
2854
18390
2272
31493
12928
11984
285
19857
4039
8869
17018
13107
4661
8940
3589
4215
12084
23449
26495
28669
7874
6374
17596
16048
16157
12906
31514
13230
15325
30335
13374
8908
21454
14034
17543
17288
26689
11334
27150
843
24587
14260
21682
11157
3600
6496
12969
10930
19004
32166
17495
29291
6760
31082
20101
9634
604
9257
10317
7911
30077
14362
28176
9882
31562
3123
13211
24826
31623
7176
30570
10970
1645
32300
8400
31234
29173
18139
30282
16708
11018
20087
8393
4466
5704
11440
5639
32563
12419
1565
9550
20898
10424
5011
27731
28062
20638
29992
18565
13941
30412
3503
679
25612
31180
6046
17988
17212
26776
446
1660
23831
22971
17568
2929
23762
15359
11490
28673
5341
26865
19178
4927
11624
21602
10437
24282
28086
1969
19547
8295
8171
22594
11414
29973
24293
17822
25711
804
22764
16839
12307
26649
7784
24156
7424
9738
10157
2378
7592
18413
16658
15096
12381
30798
2298
4383
15967
8584
15297
19727
12950
23686
7485
22636
27561
32391
2529
17570
5637
24315
20308
26193
5416
14553
21061
32052
8521
7442
21369
24363
21963
10515
18627
20099
11826
5327
23814
27380
65
2326
14740
28058
27164
10922
9605
31044
8268
1181
4870
12058
6788
7161
15988
28079
11565
1314
20819
25303
18679
6517
29982
15073
25591
10587
17284
19216
16734
10728
6977
29798
1285
25071
24201
20073
4953
3501
9295
6895
26881
26488
6369
1439
12793
30438
10211
780
12874
16360
30406
29382
23568
27359
12510
6105
21330
23513
13392
17516
25687
15126
31920
11124
8733
25502
16834
20485
7383
11401
13239
25257
1062
10695
9417
24157
18616
19866
30351
18492
6355
30828
17544
3832
28606
30732
3303
15212
26706
32404
17452
23542
11611
22010
15972
22480
30443
24565
585
25717
29332
29946
31706
26964
12361
13161
1435
9850
23223
18956
8702
29004
569
2441
14417
32537
4518
21530
20533
9313
8933
2717
32405
15577
29227
10717
4103
5296
23875
31803
15477
24321
27058
30765
10796
28972
13562
13738
20206
12116
20703
11187
15115
1427
6974
24010
12618
18015
11811
10505
12752
10655
13252
14096
7241
11108
3216
1699
24581
13099
4101
2723
1054
771
23994
7219
30675
29770
22882
25023
4085
17431
30280
11772
12699
240
19544
20693
11685
24758
4053
15649
31458
26389
21548
14767
14984
3815
8666
4313
27102
12435
9408
26297
7549
19101
12661
20743
27159
10562
2466
15330
12241
27016
5586
11902
12232
10004
14319
30725
15934
1709
1736
392
10213
19917
8807
25914
7712
3899
10799
16134
32192
42
5689
5786
11012
16140
22711
32200
10530
6263
24116
25814
17985
3228
31202
4618
9732
4221
18531
3749
11011
8952
7046
12711
6316
28067
6088
10334
22489
4503
8163
3661
4383
16188
21219
26169
31406
20990
15259
25588
28580
12931
22733
21495
8949
15209
17799
23059
13137
22808
2620
4818
19535
4357
7379
11469
25551
2166
17481
27597
9552
31207
19296
13871
27862
7749
32289
31209
26023
5355
11768
18591
28486
6548
32584
2683
24927
26744
28632
31360
15547
14055
7430
11595
18906
17420
5524
19706
32414
5209
3369
8679
25981
10539
7410
8408
30007
17194
18777
5083
27012
4062
22235
29268
11172
21786
17006
27414
12983
16879
3319
24147
30806
31830
18489
19853
11309
4859
16429
240
16104
6017
21850
13851
19136
11765
29608
16843
18861
15733
5257
21798
22784
12496
22699
32148
16032
17663
3042
31494
7521
8646
9703
14654
19418
8035
24789
5095
31296
19418
10803
5924
29246
8148
22409
3875
27500
17095
17569
31290
16029
28223
15360
19786
28161
15858
7678
17690
1380
5046
18845
6509
6122
12528
4617
21743
19392
20524
14135
22564
30658
15428
24792
20347
24518
29857
8966
5969
29667
3861
23192
31908
13452
12065
21455
2003
30933
9344
5945
31793
10036
4832
3574
22975
26170
2801
5130
23529
31647
11413
6455
15175
807
21307
6662
22918
14041
4041
31925
970
27187
23148
3703
32056
17489
21776
26906
18654
15686
26574
21006
20934
26137
19656
2155
1444
7785
23545
24570
21251
14746
24788
